1.333316676 103.741492242 50496
1.333325921 103.741494376 50499
1.333353249 103.741496511 50502
1.333371432 103.741479054 50505
1.333389818 103.741463732 50508
1.333407951 103.741455003 50511
1.333426288 103.741448409 50514
1.33344442 103.741439681 50517
1.333462807 103.741424359 50520
1.333471898 103.74141563 50523
1.333490235 103.741409036 50526
1.333526399 103.741409036 50529
1.333553777 103.741402442 50532
1.33357191 103.741393714 50535
1.333590246 103.74138712 50538
1.333599288 103.74138712 50541
1.333617674 103.741371798 50544
1.333626816 103.741354341 50547
1.333626866 103.741345613 50550
1.333636007 103.741328156 50553
1.333636211 103.74133029 50556
1.333636261 103.741321562 50559
1.333645302 103.741321562 50562
1.333636261 103.741321562 50565
1.333636311 103.741312834 50568
1.333618024 103.741310699 50571
1.333599942 103.741310699 50574
1.33358181 103.741319428 50577
1.333572564 103.741317293 50580
1.333518267 103.741326022 50584
1.333491143 103.741326022 50586
1.333473011 103.74133475 50589
1.333427755 103.741343478 50592
1.33339154 103.741352207 50595
1.333346439 103.741371798 50598
1.333310224 103.741380526 50601
1.333283001 103.741397983 50604
1.333256032 103.741408846 50607
1.333228758 103.741435031 50610
1.33321078 103.741454622 50613
1.333201639 103.741472079 50616
1.333192702 103.74149167 50619
1.33317457 103.741500398 50622
1.333165479 103.741509127 50625
1.333156233 103.741506992 50628
1.333156029 103.741504858 50631
1.333155824 103.741502723 50635
1.33315562 103.741500589 50637
1.333155416 103.741498454 50640
1.33314612 103.741505048 50643
1.333127783 103.741511642 50646
1.333118488 103.741518236 50649
1.333100101 103.741533558 50652
1.33309096 103.741551015 50655
1.333081565 103.741575066 50658
1.333072423 103.741592522 50661
1.333044946 103.741616573 50664
1.333026763 103.74163403 50667
1.333017518 103.741631895 50670
1.333008427 103.741640623 50673
1.333008072 103.741664674 50676
1.332998981 103.741673402 50679
1.33298994 103.741673402 50682
1.332989686 103.741679996 50685
1.332989431 103.74168659 50688
1.33298034 103.741695318 50691
1.332971045 103.741701912 50694
1.332961799 103.741699778 50697
1.332952454 103.7417151 50700
1.332961495 103.7417151 50703
1.332961341 103.741704237 50706
1.332952349 103.741695509 50711
1.332952399 103.741686781 50712
1.332952399 103.741686781 50715
1.332952449 103.741678052 50718
1.332952499 103.741669324 50721
1.332961386 103.741658461 50724
1.332961232 103.741647598 50727
1.332970323 103.74163887 50730
1.332988201 103.741636736 50733
1.333006333 103.741628007 50736
1.333033457 103.741628007 50739
1.333051539 103.741628007 50742
1.33306058 103.741628007 50745
1.333069621 103.741628007 50748
1.333087958 103.741621413 50751
1.333088008 103.741612685 50754
1.333097099 103.741603957 50757
1.333097149 103.741595228 50760
1.33310619 103.741595228 50763
1.333097249 103.741577772 50766
1.333097349 103.741560315 50769
1.333088153 103.741549452 50772
1.333097194 103.741549452 50775
1.333097244 103.741540724 50778
1.333106285 103.741540724 50781
1.333115327 103.741540724 50784
1.333115327 103.741540724 50787
1.333124318 103.741549452 50790
1.333133209 103.741575637 50793
