1.334673136 103.744732861 49599
1.334645963 103.744741589 49602
1.334600807 103.744732861 49605
1.334573479 103.744730726 49608
1.334546356 103.744730726 49611
1.334482658 103.744726456 49615
1.334446185 103.744704729 49618
1.334437194 103.744696001 49620
1.334409866 103.744693866 49623
1.334391733 103.744702595 49626
1.334382692 103.744702595 49629
1.334346473 103.744674275 49632
1.334310154 103.744663412 49635
1.334282671 103.744650414 49638
1.334264639 103.744641686 49641
1.334246402 103.744630822 49644
1.334210083 103.744619959 49647
1.334173864 103.74459164 49650
1.33413785 103.744565455 49653
1.334119917 103.74453927 49656
1.334101835 103.74453927 49659
1.334083548 103.744537135 49662
1.334056425 103.744537135 49665
1.334029506 103.74453927 49668
1.333993391 103.744530542 49671
1.333966213 103.744502223 49674
1.333948181 103.744493494 49677
1.33393919 103.744484766 49680
1.333921158 103.744476038 49683
1.333911962 103.744465175 49686
1.333912012 103.744456446 49689
1.333902816 103.744445583 49692
1.333893775 103.744445583 49695
1.33388453 103.744443448 49698
1.333875489 103.744443448 49701
1.333866447 103.744443448 49704
1.333866447 103.744443448 49707
1.333857406 103.744443448 49710
1.333857406 103.744443448 49713
1.333857406 103.744443448 49716
1.333857406 103.744443448 49719
1.333857406 103.744443448 49722
1.333857406 103.744443448 49725
1.333848365 103.744443448 49728
1.333848365 103.744443448 49731
1.333848365 103.744443448 49734
1.333839324 103.744443448 49737
1.33381225 103.74443472 49740
1.333794064 103.744415129 49743
1.333757949 103.744406401 49746
1.333739762 103.744386809 49749
1.333703234 103.744336764 49753
1.333694139 103.744308444 49755
1.333694084 103.744280124 49758
1.333703121 103.744243077 49761
1.333703017 103.744223485 49764
1.333693921 103.744195166 49767
1.333684621 103.744164711 49770
1.333684567 103.744136392 49773
1.333675471 103.744108072 49776
1.33366648 103.744099344 49779
1.333648193 103.744097209 49782
1.333639102 103.744105938 49785
1.333630215 103.744116801 49788
1.333666334 103.744162577 49792
nan nan 49794
nan nan 49797
nan nan 49800
nan nan 49803
nan nan 49806
nan nan 49809
nan nan 49812
nan nan 49815
nan nan 49818
nan nan 49821
nan nan 49824
nan nan 49827
nan nan 49830
nan nan 49833
nan nan 49836
nan nan 49839
nan nan 49842
nan nan 49845
nan nan 49848
nan nan 49851
nan nan 49854
nan nan 49859
nan nan 49861
nan nan 49863
nan nan 49866
nan nan 49869
nan nan 49872
nan nan 49875
nan nan 49878
nan nan 49881
nan nan 49884
nan nan 49887
nan nan 49890
nan nan 49893
nan nan 49896
