1.333162808 103.744774367 50196
1.333171645 103.744772232 50199
1.333189368 103.744759234 50203
1.333189418 103.744750506 50205
1.333198255 103.744748371 50208
1.333198051 103.744746236 50211
1.333207142 103.744737507 50214
1.33322507 103.744726644 50217
1.333252193 103.744726644 50220
1.333297245 103.744715781 50223
1.333342246 103.744713646 50226
1.333387502 103.744704918 50228
1.333396543 103.744704918 50229
1.333432757 103.74469619 50232
1.333477809 103.744685327 50235
1.333532001 103.744657007 50238
1.333649432 103.744637416 50243
1.333667514 103.744637416 50244
1.333703474 103.744635281 50247
1.333739639 103.744635281 50250
1.333766508 103.744641874 50253
1.333784436 103.744631011 50256
1.333838478 103.744628876 50260
1.333883584 103.744646332 50263
1.333910657 103.744655061 50265
1.333937731 103.744663789 50268
1.333955713 103.744681245 50271
1.333964399 103.744705295 50274
1.333982127 103.744729345 50277
1.333999959 103.744772986 50280
1.334035974 103.74479917 50283
1.334044715 103.744851539 50286
1.33405366 103.744906044 50289
1.334071647 103.744960548 50292
1.33409847 103.745012917 50295
1.334107261 103.745056558 50298
1.334116052 103.745100199 50301
1.334115956 103.745154703 50304
1.334124543 103.745196209 50307
1.334151261 103.745228986 50310
1.334169094 103.745272627 50313
1.334195862 103.745296677 50316
1.334204753 103.745322861 50319
1.334213385 103.745318591 50322
1.334222222 103.745316456 50325
1.33424015 103.745305593 50328
1.334258027 103.745303458 50331
1.334267068 103.745303458 50334
1.334275855 103.745310051 50337
1.334284696 103.745344964 50340
1.334302782 103.745382011 50343
1.334329806 103.745399468 50346
1.334365765 103.745397333 50349
1.334410971 103.745397333 50352
1.334464963 103.745403926 50355
1.334510218 103.745395198 50358
1.334546228 103.745384334 50361
1.334591434 103.745384334 50364
1.334645371 103.745362608 50367
1.334681435 103.745380064 50370
1.334708254 103.745395386 50373
1.334744268 103.74542157 50376
1.334789374 103.745439026 50379
1.334834529 103.745447754 50382
1.334852511 103.745465211 50385
1.33487938 103.745471804 50388
1.334906353 103.745497988 50391
1.334924439 103.745535036 50394
1.33493333 103.74556122 50397
1.334942221 103.745587404 50400
1.334960358 103.745615724 50403
1.334969198 103.745650636 50406
1.334987335 103.745678956 50409
1.335014153 103.745694277 50412
1.335023249 103.745722596 50415
1.335004917 103.745766237 50418
1.334986434 103.745836062 50421
1.334977092 103.745888431 50424
1.334949519 103.745966983 50427
1.334949064 103.746008489 50430
1.334957904 103.746043401 50433
1.334984623 103.746076178 50436
1.335047655 103.746082771 50439
1.335083615 103.746080636 50442
1.33512882 103.746080636 50445
1.335200994 103.746069773 50448
1.335237208 103.746061045 50451
1.335318628 103.746052317 50454
1.335391107 103.746026133 50457
1.335463685 103.745982492 50460
1.335527223 103.745938852 50463
1.335590506 103.745901804 50466
1.33566283 103.745864757 50468
1.335690004 103.745856029 50469
1.335744195 103.745827709 50472
1.33582602 103.745786204 50475
1.335916631 103.745751292 50478
1.335989415 103.745709786 50481
1.336053363 103.745670416 50484
1.336117055 103.745637638 50486
