1.332510223 103.741464303 51393
1.332546438 103.741455575 51397
1.33256452 103.741455575 51400
1.332573611 103.741446847 51402
1.332591694 103.741446847 51405
1.332600735 103.741446847 51408
1.332600735 103.741446847 51411
1.332609826 103.741438118 51414
1.332609826 103.741438118 51417
1.332618867 103.741438118 51420
1.332618867 103.741438118 51423
1.332618917 103.74142939 51426
1.332627958 103.74142939 51429
1.332628008 103.741420662 51432
1.332627804 103.741418527 51435
1.332636895 103.741409799 51438
1.332636895 103.741409799 51441
1.332636895 103.741409799 51444
1.332636945 103.741401071 51447
1.332636945 103.741401071 51450
1.332645986 103.741401071 51453
1.332645986 103.741401071 51456
1.332645986 103.741401071 51459
1.332645986 103.741401071 51462
1.332645986 103.741401071 51465
1.332664014 103.741372751 51468
1.332663905 103.741316112 51471
1.332636827 103.741270336 51474
1.332582426 103.741259473 51477
1.332482728 103.741340163 51480
1.332410203 103.741412124 51483
1.33238293 103.741438309 51486
1.332373839 103.741447037 51489
1.332364798 103.741447037 51492
1.332355707 103.741455766 51495
1.332355657 103.741464494 51498
1.332319546 103.741492813 51501
1.332246972 103.741573503 51504
1.33212925 103.741719559 51507
1.331993501 103.741893935 51510
1.331875893 103.742133678 51513
1.331830519 103.742427926 51516
1.331857473 103.742722173 51519
1.331956803 103.742970644 51522
1.332101483 103.743155883 51525
1.332264296 103.743332394 51528
1.332453974 103.74347845 51531
1.332625723 103.743635369 51534
1.332706644 103.743713923 51537
1.332733567 103.743748836 51540
1.332724118 103.743744566 51543
1.332705677 103.743731569 51546
1.332696686 103.74372284 51549
1.332678399 103.743720706 51552
1.332678245 103.743709843 51555
1.332669253 103.743701114 51558
1.332669099 103.743690251 51562
1.332668895 103.743688117 51564
1.332677936 103.743688117 51567
1.332695868 103.743714301 51570
1.332740774 103.743766671 51573
1.332813062 103.743849494 51576
1.332894391 103.743932318 51579
1.332984661 103.744032598 51582
1.33306594 103.74412415 51585
1.333156151 103.744159062 51588
1.333237626 103.744178654 51591
1.333337228 103.744152469 51594
1.333481877 103.744078374 51597
1.333690014 103.743969366 51600
1.333934057 103.743829903 51603
1.334187145 103.743727488 51606
1.334385836 103.743651258 51609
1.334548158 103.743572893 51612
1.334755835 103.743468344 51615
1.33490927 103.743400842 51618
1.334918257 103.743372523 51621
1.334936235 103.743352932 51624
1.33493613 103.743333341 51627
1.334936076 103.743305021 51630
1.334936226 103.743278836 51633
1.334927489 103.743263515 51636
1.334927744 103.743256921 51639
1.334919008 103.743241599 51642
1.334919058 103.743232871 51645
1.334919053 103.743195823 51648
1.334882934 103.743150048 51651
1.334855907 103.743095543 51654
1.334892017 103.743067224 51657
1.335018638 103.743021448 51660
1.335172432 103.742966944 51663
1.335371474 103.742829616 51666
1.335597834 103.742620328 51669
1.335806162 103.742402311 51672
1.336014236 103.742190888 51675
1.336195227 103.741896641 51678
1.336331167 103.741613257 51681
1.336476103 103.741375648 51684
1.336584624 103.741181681 51687
1.336666286 103.741055216 51690
