1.333142355 103.741595228 50796
1.333160387 103.741603957 50799
1.333169428 103.741603957 50802
1.333187306 103.741601822 50805
1.333178315 103.741593094 50808
1.333169374 103.741575637 50813
1.333169374 103.741575637 50814
1.333160382 103.741566909 50817
1.33314235 103.741558181 50820
1.333133359 103.741549452 50823
1.333124163 103.74153859 50826
1.333115172 103.741529861 50829
1.333106181 103.741521133 50832
1.333097394 103.741514539 50835
1.33309724 103.741503676 50838
1.333088199 103.741503676 50841
1.333079108 103.741512405 50844
1.333060771 103.741518998 50847
1.33305168 103.741527727 50850
1.333042484 103.741516864 50853
1.333042484 103.741516864 50856
1.333033493 103.741508136 50859
1.333033493 103.741508136 50862
1.333024452 103.741508136 50865
1.33300632 103.741516864 50868
1.33300627 103.741525592 50871
1.333015311 103.741525592 50874
1.333015311 103.741525592 50877
1.333033393 103.741525592 50880
1.333033393 103.741525592 50883
1.333024352 103.741525592 50886
1.333033443 103.741516864 50889
1.333042484 103.741516864 50892
1.333042689 103.741518998 50895
1.333042689 103.741518998 50898
1.333042689 103.741518998 50902
1.333042893 103.741521133 50904
1.333051934 103.741521133 50907
1.33306118 103.741523267 50910
1.33306123 103.741514539 50913
1.333061484 103.741507945 50916
1.333061738 103.741501351 50919
1.333052902 103.741503486 50922
1.333053156 103.741496892 50925
1.333053156 103.741496892 50928
1.333044269 103.741507754 50931
1.333044319 103.741499026 50934
1.333035328 103.741490298 50936
1.333026287 103.741490298 50937
1.33300805 103.741479435 50940
1.332999009 103.741479435 50943
1.332989968 103.741479435 50946
1.332989968 103.741479435 50949
1.332980977 103.741470707 50952
1.332980822 103.741459844 50955
1.332971577 103.741457709 50958
1.332962585 103.741448981 50961
1.332953186 103.741435984 50965
1.332944144 103.741435984 50967
1.33294394 103.74143385 50970
1.332934899 103.74143385 50973
1.332934695 103.741431715 50976
1.33293449 103.741429581 50979
1.33293444 103.741438309 50982
1.332934236 103.741436175 50985
1.332934236 103.741436175 50988
1.332934082 103.741425312 50991
1.332924836 103.741423177 50994
1.33291564 103.741412315 50997
1.332906549 103.741421043 51000
1.332897304 103.741418909 51003
1.332888058 103.741416774 51006
1.332888058 103.741416774 51009
1.332887854 103.74141464 51012
1.3328876 103.741421234 51015
1.332887395 103.741419099 51018
1.3328781 103.741425693 51021
1.332877946 103.74141483 51024
1.332877741 103.741412696 51027
1.332877537 103.741410561 51030
1.332877128 103.741406293 51033
1.332867778 103.741384567 51037
1.332867624 103.741373704 51039
1.33286747 103.741362842 51042
1.33285807 103.741349845 51045
1.33284872 103.741328119 51048
1.332857402 103.741315122 51051
1.332857248 103.741304259 51054
1.33286588 103.741299991 51057
1.332874667 103.741306584 51060
1.332883404 103.741321907 51063
1.332901436 103.741330635 51066
1.332919214 103.741345957 51069
1.332928105 103.741372142 51072
1.332927955 103.741398327 51075
1.332945938 103.741415784 51078
1.332954725 103.741422377 51081
1.332954625 103.741439834 51084
1.332954625 103.741439834 51087
1.332954525 103.741457291 51090
