1.344956127 103.732935351 52296
1.345100959 103.732678149 52299
1.345236502 103.732501638 52302
1.345317702 103.732379633 52305
1.345353857 103.732305537 52308
1.345362793 103.732285947 52311
1.345362893 103.732268489 52314
1.345371779 103.732257627 52317
1.345371829 103.732248899 52320
1.345381021 103.732222712 52323
1.345417131 103.732194393 52326
1.345480464 103.732148617 52329
1.345516573 103.732120298 52332
1.345525665 103.732111569 52335
1.345525665 103.732111569 52338
1.345525715 103.73210284 52341
1.345534807 103.732094111 52344
1.345589049 103.732057063 52347
1.34570673 103.731993829 52350
1.345869767 103.731904409 52353
1.346123266 103.73180626 52356
1.346412678 103.731751755 52359
1.346702346 103.731690653 52362
1.346946602 103.731627419 52365
1.347136667 103.731592504 52368
1.347245156 103.731555456 52371
1.34728132 103.731555456 52374
1.347299765 103.731568451 52378
1.347299664 103.731585908 52380
1.347326943 103.73159677 52383
1.347426552 103.731607632 52386
1.347589287 103.731570584 52389
1.34797804 103.73145944 52393
1.348158857 103.731422392 52395
1.348330684 103.731376615 52398
1.348574885 103.731285062 52401
1.348773931 103.73118478 52404
1.34891863 103.731101955 52407
1.348981857 103.731036588 52410
1.348990692 103.731034455 52413
1.348999733 103.731034455 52416
1.348999475 103.731041051 52419
1.348999475 103.731041051 52422
1.349008466 103.73104978 52425
1.349008466 103.73104978 52428
1.349044626 103.731012732 52431
1.349098762 103.730956093 52434
1.349153054 103.730910317 52437
1.349180329 103.73088413 52441
1.349189627 103.730877534 52444
1.349198875 103.730879667 52447
1.349207967 103.730870938 52449
1.349217472 103.730866475 52452
1.34924506 103.730862012 52456
1.349272335 103.730835826 52458
1.349308752 103.730792182 52461
1.349444708 103.730619936 52464
1.349535312 103.730510925 52467
1.349680148 103.73029077 52470
1.349825035 103.730061885 52473
1.349888285 103.729765501 52476
1.349906224 103.729449527 52479
1.349914713 103.729166335 52482
1.34991468 103.728906999 52485
1.34991444 103.728645531 52488
1.349914664 103.728379598 52491
1.349905953 103.728133256 52494
1.349906182 103.727904372 52497
1.349897325 103.727721264 52500
1.349888361 103.727518566 52505
1.349888412 103.727509837 52506
1.349888513 103.727492379 52509
1.349888513 103.727492379 52512
1.349888513 103.727492379 52515
1.349888563 103.72748365 52518
1.349888563 103.72748365 52521
1.349888563 103.72748365 52524
1.349897604 103.72748365 52527
1.349897604 103.72748365 52530
1.349897604 103.72748365 52533
1.349897604 103.72748365 52537
1.349897604 103.72748365 52539
1.349897604 103.72748365 52542
1.349897655 103.727474921 52545
1.349915728 103.727400825 52548
1.34993374 103.727261362 52551
1.349951951 103.727049935 52554
1.349960958 103.726790599 52557
1.349978856 103.72655745 52560
1.350005804 103.726398397 52563
1.350023462 103.726320036 52566
1.350023357 103.726300446 52569
1.35002315 103.726298314 52572
1.350023044 103.726278724 52575
1.350023089 103.726232947 52578
1.350032222 103.726141393 52581
1.350059428 103.725975743 52584
1.350095669 103.725773046 52587
1.350149993 103.725570348 52590
1.350195437 103.725415559 52593
