1.350240518 103.725247777 52596
1.350312818 103.725025489 52599
1.350403402 103.724768285 52602
1.350466717 103.724574316 52605
1.350503124 103.724456575 52608
1.350512368 103.724421658 52611
1.350503584 103.724415061 52614
1.350503635 103.724406332 52617
1.350503892 103.724399735 52620
1.350503892 103.724399735 52623
1.350503892 103.724399735 52627
1.35050415 103.724393138 52629
1.3505042 103.724384409 52632
1.350531521 103.724312444 52635
1.350577021 103.724185974 52638
1.350622571 103.724050775 52641
1.350640744 103.72395922 52644
1.350640896 103.723933033 52647
1.350641103 103.723935165 52650
1.350641154 103.723926436 52653
1.350641361 103.723928568 52656
1.350641361 103.723928568 52659
1.350641361 103.723928568 52662
1.350641411 103.723919839 52665
1.350641462 103.723911109 52668
1.350668732 103.723847874 52671
1.350723015 103.723728001 52674
1.350795527 103.723544892 52677
1.350867721 103.723303014 52680
1.350931122 103.722980442 52683
1.350994261 103.722627419 52686
1.351038958 103.722298453 52689
1.351074932 103.722028256 52692
1.351101764 103.721775517 52696
1.35110181 103.72172974 52698
1.351101648 103.721681831 52701
1.351101579 103.721542368 52704
1.351083532 103.721422495 52707
1.351074638 103.721359259 52710
1.351074689 103.72135053 52713
1.351074942 103.721306884 52718
1.351083877 103.721287295 52719
1.351093221 103.72123492 52722
1.351111183 103.721104186 52725
1.35111126 103.720901487 52728
1.351093093 103.72065088 52731
1.351075088 103.720448181 52734
1.351047885 103.720234622 52737
1.351038774 103.720095159 52740
1.351047805 103.720021063 52743
1.351065676 103.719981884 52746
1.351065565 103.719925246 52749
1.351038376 103.719822831 52752
1.351020386 103.719731277 52755
1.350984317 103.71967677 52758
1.350948143 103.719602674 52761
1.35084898 103.719439155 52765
1.350704525 103.719404238 52768
1.350487487 103.719412967 52771
1.350324853 103.719432556 52773
1.35000853 103.719526242 52778
1.349963274 103.719534971 52779
1.349908926 103.71955243 52782
1.349881803 103.71955243 52785
1.349872555 103.719550299 52788
1.349872605 103.71954157 52791
1.349872449 103.719530709 52794
1.349872499 103.71952198 52797
1.349854367 103.719530709 52800
1.349763854 103.719548168 52803
1.349610004 103.719574355 52806
1.349474291 103.719628862 52809
1.349401917 103.719674639 52812
1.349374743 103.719683368 52815
1.349374692 103.719692098 52818
1.349374692 103.719692098 52821
1.349374642 103.719700827 52824
1.349374642 103.719700827 52827
1.349365601 103.719700827 52830
1.34936555 103.719709556 52833
1.349338376 103.719718285 52836
1.349311359 103.719737875 52839
1.349284134 103.719755333 52842
1.349229943 103.719783652 52845
1.349003778 103.719920984 52849
1.348868171 103.71999508 52851
1.348714381 103.720086634 52854
1.348461249 103.720234826 52857
1.348171957 103.720420067 52860
1.347891652 103.720576988 52863
1.347583915 103.720749236 52867
1.347213101 103.720960664 52869
1.347050119 103.721078406 52872
1.346833151 103.721226598 52875
1.346670324 103.7213552 52878
1.346543607 103.721455484 52881
1.346489259 103.721472942 52884
1.346489159 103.7214904 52887
1.346489003 103.72147954 52890
1.346479755 103.721477408 52893
