nan nan 50199
nan nan 50202
nan nan 50205
nan nan 50208
nan nan 50211
nan nan 50214
nan nan 50217
nan nan 50220
nan nan 50223
nan nan 50226
nan nan 50229
nan nan 50232
nan nan 50235
nan nan 50238
nan nan 50241
nan nan 50244
nan nan 50247
nan nan 50250
nan nan 50253
nan nan 50256
nan nan 50259
nan nan 50262
nan nan 50265
nan nan 50268
nan nan 50271
nan nan 50274
1.332497123 103.74313715 50277
1.332304096 103.743453642 50280
1.332286422 103.743457912 50283
1.332241879 103.743455588 50286
1.332215723 103.743437942 50289
1.332225572 103.743372385 50292
1.332234863 103.743328744 50295
1.332244204 103.743276374 50298
1.332271268 103.743211006 50302
1.332289092 103.743180552 50304
1.332306916 103.743150098 50307
1.332333472 103.743097917 50310
1.332351296 103.743067463 50313
1.332378211 103.74302828 50316
1.332423208 103.742989098 50319
1.332432045 103.742986963 50322
1.332459014 103.7429761 50325
1.332476942 103.742965237 50328
1.332513207 103.742947781 50331
1.332558513 103.742930324 50334
1.33261276 103.742930324 50337
1.332667261 103.74292373 50340
1.332730345 103.742921596 50343
1.332775397 103.742910733 50346
1.332829439 103.742908598 50349
1.332874645 103.742908598 50352
1.33291081 103.742908598 50355
1.332937833 103.742926055 50358
1.332955766 103.74295224 50361
1.332982739 103.742978425 50364
1.333000722 103.742995881 50367
1.333009713 103.743004609 50370
1.3330186 103.742993746 50373
1.333018445 103.742982883 50376
1.333018287 103.742934973 50379
1.332991054 103.742878334 50382
1.332982009 103.742841286 50385
1.332963768 103.742793375 50388
1.332945681 103.742756327 50391
1.332927594 103.742719279 50394
1.332900466 103.742682232 50397
1.332873134 103.742643049 50400
1.332854947 103.742623458 50403
1.332854993 103.742577682 50406
1.332864079 103.742531906 50409
1.332891044 103.742483995 50412
1.332909017 103.742427356 50415
1.332927091 103.74235326 50418
1.332944801 103.742229119 50422
1.332935755 103.742192072 50424
1.332935597 103.742144161 50427
1.332935488 103.742087522 50430
1.332926183 103.74202002 50433
1.332926279 103.741965516 50436
1.332917129 103.741908877 50439
1.332907979 103.741852238 50442
1.332917116 103.741797733 50445
1.332916957 103.741749823 50448
1.332926248 103.741706181 50451
1.332944276 103.741677862 50454
1.332962508 103.741651677 50457
1.33298069 103.74163422 50460
1.333008068 103.741627626 50463
1.3330262 103.741618898 50466
1.333044382 103.741601441 50469
1.333089584 103.741564393 50473
1.333107766 103.741546937 50475
1.333125898 103.741538208 50478
1.333153122 103.741520752 50481
1.333189386 103.741503295 50484
1.33321661 103.741485838 50487
1.333252979 103.741487973 50489
1.33326202 103.741487973 50490
1.33330743 103.741490107 50495
