1.34648864 103.721466548 52896
1.346470507 103.721475277 52899
1.346434086 103.721481875 52902
1.346397871 103.721490604 52905
1.346334739 103.721501464 52908
1.346235136 103.721527652 52911
1.34607235 103.721573429 52914
1.345846176 103.721636664 52917
1.345611116 103.72171076 52920
1.345421312 103.721776127 52923
1.345294948 103.721815306 52926
1.345258989 103.721817438 52929
1.34525909 103.72179998 52932
1.345250356 103.721784653 52935
1.345241571 103.721778055 52938
1.345241622 103.721769326 52941
1.345223796 103.721762728 52944
1.345187632 103.721762728 52947
1.34512455 103.72176486 52950
1.345052377 103.72177572 52954
1.34503445 103.721786581 52957
1.344998336 103.721777852 52959
1.344943984 103.721758262 52962
1.344853558 103.721647118 52965
1.344790296 103.721453149 52968
1.344726819 103.721182952 52971
1.34465435 103.720904026 52974
1.344572997 103.720635961 52977
1.344491804 103.720415804 52980
1.344401624 103.720223966 52983
1.344383377 103.72013901 52986
1.34437428 103.720110691 52989
1.344374074 103.72010856 52992
1.344392106 103.720117289 52995
1.344410088 103.720134747 52998
1.34442812 103.720143476 53001
1.344454781 103.720147943 53004
1.344463616 103.720145812 53007
1.344472345 103.720124091 53010
1.344472089 103.720130689 53013
1.344490015 103.720119829 53016
1.344498749 103.720135156 53019
1.344498392 103.720159212 53022
1.344507383 103.720167941 53025
1.344497975 103.720117902 53028
1.344479723 103.719995898 53031
1.344398173 103.719799798 53034
1.344289439 103.719538331 53037
1.344162925 103.719224489 53040
1.34401853 103.718875731 53043
1.343883071 103.718507382 53046
1.34372958 103.718130305 53049
1.343567097 103.717744498 53052
1.343404665 103.717349961 53055
1.343242288 103.716983743 53058
1.343098053 103.716682892 53061
1.34298963 103.716443145 53064
1.342917226 103.716266635 53067
1.342854079 103.716166351 53070
1.34278174 103.716092255 53073
1.342646164 103.71600943 53076
1.342438057 103.715961522 53079
1.34215747 103.715939802 53082
1.341822792 103.715928942 53085
1.341451743 103.715915952 53088
1.341071658 103.715940009 53091
1.340718908 103.716003245 53094
1.340447683 103.716077341 53097
1.340257823 103.716114389 53100
1.340167211 103.716149306 53103
1.340158325 103.716160166 53106
1.340158325 103.716160166 53109
1.34014949 103.716162297 53112
1.340104389 103.716181886 53115
1.33999585 103.716227663 53118
1.339824233 103.716312619 53121
1.33960731 103.716415033 53124
1.339345235 103.716545767 53127
1.339046896 103.716693958 53130
1.338603598 103.716894526 53133
1.33828661 103.717027596 53136
1.338087309 103.717134479 53139
1.337869825 103.717258819 53142
1.337724921 103.717339514 53145
1.337616076 103.717400619 53148
1.337561634 103.717472584 53151
1.337552653 103.71753795 53154
1.337561503 103.717646963 53157
1.337606473 103.717801753 53160
1.337687813 103.717958674 53163
1.337760107 103.718078546 53166
1.337787135 103.718133053 53169
1.337795871 103.71814838 53172
1.337804862 103.71815711 53175
1.337804762 103.718174568 53178
1.33783189 103.718211616 53181
1.337868214 103.718259524 53184
1.337886046 103.71830317 53187
1.337922066 103.718366406 53191
1.337930957 103.718392593 53193
