1.336738711 103.741000712 51693
1.336784221 103.740985389 51696
1.336874933 103.740933019 51700
1.336920339 103.740898106 51702
1.336965845 103.740845736 51705
1.337029634 103.740758452 51708
1.337084487 103.74069076 51711
1.337112016 103.740657981 51714
1.337148686 103.740607745 51717
1.337194443 103.740511733 51720
1.337276265 103.740433177 51723
1.3374032 103.740446174 51726
1.337566364 103.740561586 51729
1.337738524 103.740722774 51732
1.337892497 103.740864372 51735
1.338019341 103.740968921 51738
1.338100821 103.74102556 51741
1.338119058 103.741036423 51744
1.338119008 103.741045152 51747
1.338118958 103.74105388 51750
1.338109866 103.741062608 51753
1.338110072 103.741064743 51756
1.338110072 103.741064743 51759
1.338128003 103.741090928 51762
1.33819135 103.741156295 51765
1.338308798 103.741284896 51769
1.338435287 103.741413496 51772
1.338561772 103.741505048 51774
1.338688462 103.741598735 51777
1.338851165 103.741718607 51780
1.338968609 103.74181016 51783
1.339013768 103.741855936 51786
1.339022604 103.741853801 51789
1.339022604 103.741853801 51792
1.339022349 103.741860395 51795
1.339013258 103.741869123 51798
1.339013258 103.741869123 51801
1.339013002 103.741875717 51805
1.339013002 103.741875717 51807
1.339013002 103.741875717 51810
1.339022144 103.741858261 51813
1.339022144 103.741858261 51816
1.339022043 103.741875717 51819
1.339022299 103.741869123 51823
1.339022299 103.741869123 51825
1.339022504 103.741871258 51828
1.339022504 103.741871258 51831
1.339022504 103.741871258 51834
1.339013463 103.741871258 51837
1.339022554 103.74186253 51840
1.339022349 103.741860395 51843
1.339022349 103.741860395 51846
1.339085691 103.741888715 51849
1.33920303 103.741960676 51852
1.339374724 103.742089276 51855
1.339591679 103.742246196 51858
1.340071054 103.742590489 51863
1.340152483 103.742655857 51864
1.340306195 103.742767 51867
1.340487191 103.742926055 51870
1.340604839 103.743019742 51873
1.340677483 103.743078516 51876
1.340686679 103.743089379 51879
1.340695876 103.743100242 51882
1.340695876 103.743100242 51885
1.340696081 103.743102376 51888
1.340705123 103.743102376 51891
1.340705123 103.743102376 51894
1.340705123 103.743102376 51897
1.340705278 103.743113239 51900
1.340705278 103.743113239 51903
1.340705278 103.743113239 51906
1.340705278 103.743113239 51909
1.340705278 103.743113239 51913
1.340705278 103.743113239 51915
1.340705278 103.743113239 51918
1.340714319 103.743113239 51921
1.340777817 103.743152422 51924
1.340868233 103.74318947 51927
1.340904393 103.743152422 51930
1.340940699 103.743052141 51933
1.341058312 103.742849445 51936
1.341302885 103.742428731 51940
1.341339224 103.74217153 51943
1.341348498 103.741979696 51945
1.341348576 103.741777 51948
1.341339554 103.741508936 51951
1.341321436 103.741212553 51957
1.341330628 103.741186367 51960
1.34133977 103.741168911 51963
1.341348911 103.741151454 51966
1.341339715 103.741140591 51969
1.341348806 103.741131863 51972
1.34133961 103.741121 51975
1.341348701 103.741112272 51979
1.341348751 103.741103543 51981
1.341357843 103.741094815 51984
1.341357637 103.74109268 51987
1.341366825 103.741029447 51991
1.341375756 103.740972808 51993
