1.250039538 103.827349634 50973
1.249795521 103.827443325 50979
1.249614598 103.827460775 50988
1.249506194 103.827443325 50994
1.249289249 103.827471647 51000
1.249181025 103.827308157 51006
1.24933481 103.827105473 51012
1.249434257 103.826994333 51018
1.249578953 103.826800373 51024
1.249796069 103.826514871 51030
1.250076186 103.826207623 51036
1.250347503 103.825930846 51042
1.250582322 103.825678095 51048
1.250808385 103.825410042 51054
1.250889601 103.825250983 51060
1.251025069 103.82512897 51066
1.25123315 103.824917561 51072
1.251323602 103.824797695 51078
1.251477386 103.824595011 51084
1.251721786 103.824505615 51090
1.251965982 103.824265883 51096
1.25221008 103.824006555 51102
1.252418248 103.823703602 51108
1.252544713 103.823461724 51114
1.252635047 103.823062934 51122
1.252644023 103.822849377 51129
1.252698194 103.822487634 51135
1.252707114 103.822171662 51141
1.252770235 103.821864416 51147
1.252942139 103.821541866 51153
1.253195033 103.821215023 51159
1.253375985 103.820966566 51165
1.253602041 103.82062442 51171
1.253819011 103.820328045 51177
1.253927301 103.820140664 51183
1.254071809 103.820018652 51189
1.254297972 103.819807243 51195
1.254596321 103.819584962 51201
1.254831285 103.819380131 51207
1.254975932 103.819194897 51213
1.255111491 103.819018388 51219
1.255274167 103.818767785 51225
1.255491531 103.818586843 51231
1.255717939 103.818442948 51237
1.25594424 103.818168316 51245
1.256125236 103.817874087 51252
1.256315268 103.817505764 51258
1.256279273 103.817248582 51264
1.256125496 103.816960932 51270
1.256107533 103.816675429 51276
1.25608923 103.816339861 51283
1.25599861 103.816189528 51288
1.255763098 103.816156915 51294
1.255609346 103.81616564 51300
1.255383317 103.816239734 51306
1.255329106 103.816119868 51312
1.255373881 103.816124302 51320
1.255427978 103.816039337 51327
1.25557225 103.815960952 51333
1.25582569 103.815871554 51340
1.255943232 103.8159086 51345
1.255961283 103.81610256 51351
1.25595203 103.816442561 51357
1.255943008 103.816664841 51363
1.256096778 103.816878397 51369
1.25621448 103.817111549 51375
1.256223831 103.817355572 51381
1.256187728 103.817532081 51387
1.256015723 103.817797988 51393
1.255735467 103.81813141 51399
1.255346471 103.818434364 51405
1.255102327 103.818702417 51411
1.254912147 103.819022821 51417
1.254622556 103.819297452 51423
1.254387504 103.819593827 51429
1.254179525 103.81986188 51435
1.254007999 103.820114629 51441
1.253827479 103.820358652 51447
1.25359276 103.820630998 51453
1.253384926 103.820909923 51459
1.25313184 103.821234619 51465
1.25280619 103.821639988 51471
1.252679691 103.822038778 51477
1.252652987 103.822487634 51483
1.252671277 103.822675015 51489
1.252652973 103.822903874 51495
1.252589669 103.823320115 51501
1.252291107 103.823882396 51509
1.252001666 103.824241993 51516
1.251775604 103.824510046 51522
1.251676021 103.824721455 51528
1.251440808 103.824821723 51534
1.251187804 103.824980783 51540
1.250979865 103.825166017 51546
1.250681282 103.825468969 51552
1.250310329 103.825891787 51558
1.249993625 103.826314605 51564
1.249704425 103.826704671 51570
1.249514767 103.826966146 51576
1.249433361 103.827160105 51582
1.249514944 103.827384534 51588
1.249587231 103.827430305 51594
1.249740889 103.82743903 51600
1.249894541 103.827373661 51606
1.249939645 103.82727997 51612
1.249957814 103.82715138 51618
1.250138725 103.826985743 51624
1.250274241 103.826855005 51630
1.250382455 103.826907355 51636
1.250427666 103.826944401 51642
1.250455032 103.826974871 51648
1.250419161 103.827070709 51654
1.250148029 103.82727554 51662
1.249903827 103.827441178 51669
1.249659758 103.8274695 51675
1.249560349 103.827460775 51681
1.249361442 103.827534868 51687
1.249162618 103.827443325 51693
1.249053964 103.827284265 51699
1.248863902 103.827282118 51705
1.248601714 103.827467352 51711
1.248348323 103.82758507 51717
1.248031687 103.827657016 51723
1.247742174 103.827728962 51729
1.247389374 103.827837955 51735
1.247036536 103.828066814 51741
1.246729058 103.828417685 51747
1.246466644 103.828757683 51753
1.246204223 103.829023588 51759
1.24581497 103.829110836 51765
1.245480141 103.829014997 51771
1.24521783 103.828847213 51778
1.244919262 103.828733925 51783
1.244494168 103.828723052 51789
1.244268052 103.828925736 51795
1.244195444 103.829052178 51801
1.244104847 103.829161171 51807
1.243978076 103.829159023 51813
1.244004998 103.829008688 51819
1.244095407 103.828934595 51825
1.244185617 103.828747213 51831
1.244339504 103.828638221 51837
1.244574529 103.828572852 51843
1.244863815 103.82865567 51849
1.245089817 103.828812582 51855
1.245379255 103.829017413 51861
1.245732025 103.829139426 51867
1.246120893 103.829010836 51873
1.246392496 103.828718757 51879
1.246655242 103.828354732 51885
1.2469179 103.82808225 51891
1.24725304 103.827894734 51897
1.247579004 103.827807486 51903
1.247904588 103.827752989 51909
1.248130716 103.827698493 51915
1.248157926 103.827569903 51921
1.248112886 103.827275676 51927
1.248085926 103.826944401 51933
1.248194588 103.826613127 51939
1.248194559 103.826242659 51945
1.248022973 103.825791519 51951
1.247824075 103.825375279 51957
1.247598108 103.825061454 51963
1.24739919 103.82498736 51969
1.247399366 103.824804273 51978
1.247444723 103.824889239 51984
1.247480898 103.82500038 51990
1.247471954 103.825019977 51996
1.247471813 103.825046151 52002
1.247462533 103.825052729 52008
1.247444309 103.825078904 52014
1.247435459 103.825081051 52020
1.2474356 103.825054876 52026
1.247426796 103.825048298 52032
1.247426844 103.825039574 52040
1.247408714 103.825048298 52047
1.247408522 103.825046151 52053
1.24740814 103.825041857 52060
1.247399051 103.825050582 52065
1.247389916 103.825068032 52071
