0.0 0.0 37238
nan nan 37244
nan nan 37250
nan nan 46600
nan nan 46606
nan nan 46612
nan nan 46618
nan nan 46624
nan nan 46630
nan nan 46636
nan nan 46642
nan nan 46648
nan nan 46654
nan nan 46660
nan nan 46666
nan nan 46672
nan nan 46678
nan nan 46684
nan nan 46690
nan nan 46696
nan nan 46702
nan nan 46708
nan nan 46714
nan nan 46720
nan nan 46726
nan nan 46732
nan nan 46738
nan nan 46744
nan nan 46750
nan nan 46756
nan nan 46762
nan nan 46768
nan nan 46774
nan nan 46780
nan nan 46786
nan nan 46792
nan nan 46798
nan nan 46804
nan nan 46810
nan nan 46816
nan nan 46822
nan nan 46828
nan nan 46834
nan nan 46840
nan nan 46846
nan nan 46852
nan nan 46858
nan nan 46864
nan nan 46870
nan nan 46876
nan nan 46882
nan nan 46888
nan nan 46894
nan nan 46900
nan nan 46906
nan nan 46912
nan nan 46918
nan nan 46924
nan nan 46930
nan nan 46936
nan nan 46942
nan nan 46948
nan nan 46954
nan nan 46960
nan nan 46969
nan nan 46975
nan nan 46981
nan nan 46987
nan nan 46993
nan nan 46999
nan nan 47005
nan nan 47011
nan nan 47017
nan nan 47023
nan nan 47029
nan nan 47035
nan nan 47041
nan nan 47047
nan nan 47053
nan nan 47059
nan nan 47065
nan nan 47071
nan nan 47077
nan nan 47083
nan nan 47089
nan nan 47095
nan nan 47101
nan nan 47107
nan nan 47113
nan nan 47120
nan nan 47126
nan nan 47134
nan nan 47140
nan nan 47146
nan nan 47152
nan nan 47158
nan nan 47164
nan nan 47170
nan nan 47176
nan nan 47182
nan nan 47188
nan nan 47194
nan nan 47200
nan nan 47206
nan nan 47212
nan nan 47218
nan nan 47224
nan nan 47230
nan nan 47236
nan nan 47242
nan nan 47248
nan nan 47254
nan nan 47260
nan nan 47266
nan nan 47272
nan nan 47278
1.326491483 103.708915166 47284
1.326012134 103.709209418 47290
1.325360765 103.709242207 47296
1.324989935 103.709721698 47302
1.324248143 103.709680391 47308
1.323732476 103.709963784 47314
1.322918309 103.709968254 47320
1.322257893 103.709963995 47326
1.321705626 103.710020842 47332
1.321235136 103.710081949 47338
1.320720956 103.710140504 47344
1.320050057 103.710315304 47350
1.319307683 103.710452846 47356
1.318584596 103.710149866 47362
1.318113125 103.710043404 47368
1.317157463 103.709563281 47374
1.316747606 103.709753623 47380
1.316017701 103.709511116 47386
1.315737373 103.709519845 47392
1.315754678 103.709733613 47398
1.315765727 103.709680813 47404
1.315582283 103.709690176 47410
1.315228769 103.709699117 47416
1.314730516 103.709873707 47422
1.314414667 103.709806 47428
1.314196575 103.710229064 47434
1.31427972 103.710710261 47440
1.314307009 103.711590673 47446
1.314567862 103.712473635 47452
1.314053099 103.712748087 47458
1.314044189 103.713369166 47464
1.314171124 103.714177614 47471
1.314451071 103.715108273 47477
1.314549784 103.715997622 47483
1.313700462 103.715633538 47489
1.314592183 103.717253597 47497
1.314667794 103.718111464 47503
1.314605943 103.718727872 47509
1.314483949 103.719291209 47515
1.31433825 103.719816677 47521
1.314229723 103.7203528 47526
1.31405764 103.721163582 47534
1.313939624 103.721741218 47541
1.31376728 103.722484502 47547
1.313613212 103.723155822 47553
1.313432117 103.723809683 47559
1.313278348 103.724465677 47565
1.313142813 103.725132531 47571
1.31299834 103.725818974 47577
1.312871649 103.726520744 47583
1.312745007 103.727213784 47589
1.31262776 103.727919818 47595
1.312492336 103.728680358 47602
1.312411087 103.729264388 47607
1.312275551 103.729931243 47613
1.312121785 103.730624284 47619
1.312003932 103.73132392 47625
1.311913553 103.731999503 47631
1.311768974 103.732666358 47637
1.31164242 103.733267846 47643
1.311533836 103.733775649 47649
1.311479522 103.734052439 47655
1.311488317 103.734096082 47661
1.31149731 103.73410481 47667
