1.247389534 103.825063738 52077
1.247371259 103.825061591 52083
1.247380251 103.825033269 52089
1.247389101 103.825031122 52095
1.247416226 103.825031122 52101
1.247406802 103.825026828 52107
1.247379295 103.825022533 52113
1.24737896 103.825009514 52119
1.247378769 103.825007367 52125
1.247378292 103.825020523 52134
1.247369251 103.825020523 52140
1.247369392 103.824994348 52146
1.247387522 103.824985623 52152
1.247387381 103.825011798 52158
1.247396519 103.825031395 52164
1.247396522 103.825068442 52170
1.247396428 103.825085891 52176
1.247396096 103.825109919 52182
1.247386913 103.825136094 52188
1.247386913 103.825136094 52194
1.247395572 103.8251318 52200
1.247395381 103.825129653 52206
1.247386149 103.825127505 52214
1.247404373 103.825101331 52221
1.247422741 103.825086028 52227
1.24742317 103.825081597 52233
1.24741427 103.825055423 52239
1.247423788 103.825042267 52245
1.247424026 103.825035689 52251
1.247442682 103.82504213 52257
1.247461004 103.825035552 52263
1.247470236 103.8250377 52269
1.247461292 103.825057297 52275
1.247461198 103.825074746 52281
1.247452206 103.825103068 52287
1.247452018 103.825137968 52293
1.247452018 103.825137968 52299
1.247442688 103.825116224 52305
1.247433547 103.82505958 52311
1.247406184 103.825066158 52317
1.247388054 103.825074883 52323
1.247369733 103.825081461 52329
1.247360645 103.825090186 52335
1.247360359 103.825105488 52341
1.247369401 103.825105488 52347
1.247369495 103.825088039 52353
1.247360309 103.825077167 52359
1.247369542 103.825079314 52365
1.247369542 103.825079314 52371
1.247369257 103.825094616 52377
1.247368921 103.825081597 52383
1.247368824 103.825062 52389
1.247386713 103.825022807 52395
1.247395516 103.825029384 52401
1.247386619 103.825040256 52407
1.247395755 103.825022807 52413
1.247386569 103.825011935 52419
1.247377242 103.825027237 52425
1.247377051 103.82502509 52431
1.247367818 103.825022943 52437
1.247367771 103.825031668 52443
1.247367771 103.825031668 52449
1.247367771 103.825031668 52455
1.24736758 103.825029521 52461
1.24736758 103.825029521 52467
1.24736758 103.825029521 52473
1.24736758 103.825029521 52479
1.24736758 103.825029521 52485
1.247367627 103.825020796 52491
1.247367627 103.825020796 52497
1.247367627 103.825020796 52503
1.247358586 103.825020796 52509
1.24737686 103.825022943 52518
1.247377004 103.825033815 52524
1.24738619 103.825044687 52530
1.247395184 103.825053412 52536
1.247395375 103.825055559 52542
1.247404464 103.825046834 52548
1.247404464 103.825046834 52554
1.247404511 103.825038109 52560
1.247404702 103.825040256 52566
1.247404702 103.825040256 52572
1.247404702 103.825040256 52578
1.247404702 103.825040256 52584
1.247413743 103.825040256 52590
1.247422879 103.825022807 52596
1.247431773 103.824974888 52602
1.247431579 103.824935694 52608
1.247431576 103.824898647 52614
1.247449612 103.824907372 52620
1.247440523 103.824916097 52626
1.247422682 103.824946566 52632
1.247422779 103.824966163 52638
1.247422685 103.824983613 52644
1.247413787 103.824994485 52650
1.247413787 103.824994485 52656
1.24741374 103.82500321 52662
1.247413837 103.825022807 52668
1.247395852 103.825042403 52674
1.247386619 103.825040256 52680
1.247395613 103.825048981 52686
1.247395372 103.825018512 52692
1.247386093 103.82502509 52698
1.247395178 103.824979319 52704
1.247385995 103.825005493 52710
1.247385945 103.824977171 52718
1.24738609 103.824988043 52724
1.247377239 103.824990191 52731
1.247368486 103.825011935 52737
1.247350309 103.825029384 52743
1.247341076 103.825027237 52749
1.247341029 103.825035962 52755
1.247350215 103.825046834 52761
1.247359209 103.825055559 52767
1.247359306 103.825075156 52773
1.247341176 103.825083881 52779
1.247341368 103.825086028 52785
1.247350503 103.825068578 52791
1.247350741 103.825062 52797
1.24735983 103.825053275 52803
1.247368871 103.825053275 52809
1.24737796 103.825044551 52815
1.247378007 103.825035826 52821
1.247378007 103.825035826 52827
1.247387095 103.825027101 52833
1.247396375 103.825020523 52839
1.247432732 103.82502267 52845
1.247451003 103.82498777 52851
1.247441915 103.824996495 52857
1.247414743 103.82500522 52864
1.247396663 103.825042267 52869
1.247396713 103.825070589 52875
1.24739681 103.825090186 52881
1.247396763 103.825098911 52887
1.247415085 103.825092333 52893
1.247433356 103.825057433 52899
1.247433929 103.825063874 52905
1.247434262 103.825039847 52913
1.247425267 103.825031122 52919
1.247434356 103.825022397 52926
1.247434259 103.8250028 52932
1.247424979 103.825009378 52938
1.247415605 103.825033405 52944
1.247396996 103.825018239 52950
1.24738781 103.825007367 52956
1.247396993 103.824981192 52962
1.247397184 103.824983339 52968
1.247406608 103.824987634 52974
1.247424691 103.824987634 52980
1.247424932 103.825018103 52987
1.247424979 103.825009378 52992
1.24741584 103.824989781 52998
1.247406702 103.824970184 53004
1.247388666 103.824961459 53012
1.247388478 103.824996359 53019
1.247388095 103.824992064 53025
1.247387904 103.824989917 53031
1.247369727 103.825007367 53037
1.247360447 103.825013945 53043
1.247360209 103.825020523 53049
1.247360162 103.825029248 53055
1.247360115 103.825037973 53061
1.247369015 103.825064147 53067
1.247359545 103.825068578 53073
1.247359448 103.825048981 53079
1.247350403 103.825011935 53085
1.247341171 103.825009787 53091
1.247341312 103.824983613 53097
1.247350303 103.824955291 53103
1.247350159 103.824944419 53109
1.247323038 103.824981466 53115
1.247322896 103.82500764 53121
1.247313808 103.825016365 53127
1.247295534 103.825014218 53133
1.247286348 103.825003346 53139
1.247295484 103.824985896 53145
1.247304478 103.824994621 53151
1.247304622 103.825005493 53158
1.247313617 103.825014218 53164
1.247331894 103.825053412 53169
