1.277599207 103.788546322 48765
1.277364037 103.789091164 48771
1.277165228 103.789638148 48777
1.2770207 103.790028215 48783
1.276984261 103.790228763 48789
1.276965945 103.79034649 48795
1.276992925 103.790372669 48801
1.276947577 103.790435895 48807
1.276821026 103.790732274 48816
1.276694187 103.79108101 48822
1.276486232 103.791571351 48828
1.276259958 103.792142372 48834
1.276061004 103.792715534 48840
1.275880081 103.793260375 48846
1.275698764 103.793763884 48852
1.275544659 103.794175845 48858
1.275363297 103.794725127 48864
1.275181939 103.795311455 48870
1.274946099 103.796015509 48878
1.274764976 103.796521158 48884
1.274611266 103.796974451 48891
1.27456667 103.79724021 48897
1.274539607 103.797379673 48903
1.274413 103.797610683 48909
1.274259135 103.797979012 48915
1.274041744 103.798428019 48922
1.273887825 103.79873098 48927
1.273815754 103.798909633 48933
1.273806963 103.798977145 48939
1.273788743 103.799077417 48945
1.273688921 103.799332461 48951
1.273507644 103.799753146 48957
1.273290301 103.800193426 48963
1.273072657 103.800537873 48972
1.272900223 103.800919366 48978
1.272836776 103.801324742 48984
1.27280948 103.801581928 48990
1.272863393 103.80164301 48996
1.272926638 103.801688783 49002
1.272980938 103.801717104 49008
1.273026439 103.801738843 49014
1.273036018 103.801754 49020
1.273036264 103.801784464 49027
1.273045504 103.801823655 49032
1.27305484 103.801845394 49038
1.273054939 103.80186499 49044
1.273055135 103.801867133 49050
1.273055282 103.801878003 49056
1.273055282 103.801878003 49062
1.273064618 103.801899742 49068
1.273083159 103.802117586 49074
1.273002368 103.802614357 49080
1.272930477 103.803174354 49086
1.272840366 103.803834623 49092
1.272677534 103.804490604 49098
1.272406163 103.805229405 49104
1.27213444 103.805844051 49110
1.271880752 103.806467421 49116
1.27160893 103.80706247 49122
1.271418528 103.807648792 49128
1.271346109 103.808304772 49134
1.27125585 103.808954171 49140
1.271174827 103.809605715 49146
1.271102749 103.81027471 49152
1.271003885 103.810919673 49158
1.270895727 103.811460076 49164
1.270696469 103.811937401 49170
1.270442569 103.812373387 49176
1.270170388 103.812770181 49182
1.269880466 103.81317999 49188
1.269572803 103.813602815 49194
1.269346075 103.814030074 49200
1.269037979 103.81449438 49206
1.268793032 103.815021908 49212
1.268629703 103.815579904 49218
1.268376053 103.816083401 49224
1.268086625 103.816591189 49230
1.267743096 103.817109849 49236
1.267399659 103.817574011 49242
1.267065063 103.817961932 49248
1.266911473 103.818166765 49254
1.266929559 103.818203812 49260
1.266983566 103.818210391 49266
1.267019152 103.818241 49272
1.267009432 103.818252012 49278
1.267017891 103.818245574 49284
1.26703549 103.818258732 49290
1.267044095 103.818263165 49296
1.267061936 103.818269745 49302
1.267052895 103.818269745 49308
1.267043857 103.818306792 49315
1.266908197 103.818426658 49320
1.266655168 103.818816725 49326
1.26632077 103.819243839 49332
1.265994738 103.819719011 49338
1.265813858 103.82025512 49344
1.265750812 103.820850019 49350
1.265769236 103.821464514 49356
1.265796753 103.822107333 49362
1.265806569 103.82268035 49368
1.265752354 103.823087868 49374
1.265716105 103.823253507 49380
1.265716013 103.823308004 49386
1.26575194 103.823351629 49392
1.26579715 103.823388676 49398
1.265833414 103.823408273 49404
1.265824131 103.823414851 49411
1.265806001 103.823423576 49416
1.265823504 103.823454183 49422
1.265822973 103.823476064 49428
1.265840477 103.823506671 49434
1.265848841 103.82351768 49440
1.265857157 103.823537415 49448
1.265847582 103.823522249 49454
1.2658382 103.82350923 49461
1.265837907 103.823487487 49467
1.265837761 103.823476615 49473
1.26585585 103.823550708 49479
1.265810461 103.823696749 49485
1.265466707 103.82384279 49491
1.264942701 103.823921178 49497
1.26431957 103.823901444 49503
1.263678644 103.823866406 49509
1.26308287 103.823766 49515
1.262359992 103.823761569 49521
1.261655242 103.823748412 49527
1.261022393 103.823776734 49533
1.260389311 103.823922776 49539
1.259774544 103.823951098 49545
1.259132648 103.823942373 49551
1.258499602 103.823931501 49557
1.257857513 103.823920629 49563
1.25720619 103.82390761 49569
1.256609116 103.823894591 49575
1.256120744 103.824031907 49581
1.255686447 103.824389358 49587
1.255197661 103.824753387 49593
1.254735804 103.825078221 49599
1.254256202 103.825416075 49605
1.253830896 103.825745203 49611
1.253595603 103.826048156 49617
1.253414593 103.826194197 49623
1.253324037 103.826220371 49629
1.253305907 103.826229096 49635
1.253305907 103.826229096 49641
1.253125075 103.826192049 49647
1.252844576 103.825930574 49653
1.252555122 103.825540507 49659
1.252220272 103.825185341 49665
1.251957762 103.824941315 49671
1.251804001 103.8248389 49680
1.251794767 103.824836753 49686
1.251668281 103.824819303 49692
1.251387524 103.824906552 49698
1.25111577 103.825113667 49705
1.250934623 103.825322929 49710
1.250572708 103.8257087 49716
1.250165973 103.826135813 49722
1.2498043 103.826552053 49728
1.249523947 103.826902924 49734
1.249388293 103.827096884 49740
1.249361371 103.827247218 49746
1.249207643 103.827552318 49754
1.248990633 103.827367084 49761
1.248855099 103.82727554 49767
1.248628924 103.827338762 49773
1.248393763 103.827504399 49779
1.248302969 103.827537151 49785
1.248221404 103.827535003 49791
1.248131213 103.827343192 49797
1.248049869 103.827112186 49803
1.248077161 103.826817959 49809
1.248149557 103.82643004 49815
1.247986628 103.825937559 49821
1.247751461 103.825427628 49827
1.247516355 103.825094207 49833
1.247398951 103.824993938 49839
1.247344741 103.824874073 49845
1.247390186 103.824867495 49851
1.247462577 103.825006957 49857
