1.253643355 103.82055317 54267
1.253444126 103.820762432 54273
1.253290295 103.820973841 54279
1.253136609 103.821196121 54285
1.252928829 103.821540413 54291
1.252757259 103.821838934 54297
1.252703274 103.822128729 54303
1.252676658 103.82248604 54309
1.252650134 103.822788854 54315
1.25261427 103.822958785 54321
1.252569273 103.823183213 54330
1.252487836 103.82357113 54336
1.252334011 103.823856633 54342
1.252135218 103.824135557 54348
1.251936325 103.824357838 54354
1.251818701 103.824486428 54360
1.251782346 103.824521328 54366
1.251737242 103.824615019 54372
1.251673773 103.824761059 54378
1.251538015 103.824861327 54384
1.251302894 103.824907099 54390
1.251121788 103.825033542 54396
1.25103148 103.825164279 54402
1.250850575 103.82540401 54408
1.250588205 103.825698237 54414
1.25031665 103.825981592 54420
1.250072313 103.826247496 54426
1.249827932 103.826559173 54433
1.249656065 103.826761856 54438
1.249475204 103.826955815 54444
1.249385037 103.827060378 54450
1.249330801 103.827208565 54456
1.24940353 103.827398093 54462
1.249485198 103.827493932 54468
1.249620822 103.827530978 54474
1.24976563 103.827541851 54480
1.249874124 103.827504804 54486
1.249946641 103.827432858 54492
1.249937736 103.82733259 54498
1.249992447 103.827134201 54504
1.250146523 103.826990308 54510
1.250264389 103.826892188 54516
1.250400202 103.826894335 54522
1.250481343 103.826975006 54528
1.250490054 103.82703608 54534
1.250453419 103.827160375 54540
1.250281358 103.827323865 54546
1.250064183 103.827469905 54552
1.249856097 103.827607219 54558
1.249684263 103.827615944 54564
1.24958476 103.827624669 54570
1.249431008 103.827633394 54576
1.249240996 103.827659568 54582
1.249096224 103.827491784 54588
1.248951646 103.827363194 54594
1.248770676 103.827389369 54600
1.24848122 103.82756373 54607
1.248318291 103.827672723 54612
1.248037868 103.827735944 54618
1.247811834 103.827772991 54624
1.247567768 103.82783836 54630
1.247287448 103.827995271 54636
1.247025213 103.82818923 54642
1.246772264 103.828450705 54648
1.246582273 103.828736207 54654
1.246437336 103.828899696 54660
1.246165775 103.829108956 54666
1.245830867 103.829215801 54672
1.245451061 103.829002245 54680
1.245288112 103.82885191 54687
1.245089144 103.828749495 54693
1.244817801 103.828692851 54699
1.244528333 103.828719025 54705
1.244347322 103.828828018 54711
1.244229601 103.82893701 54717
1.244148092 103.829037278 54723
1.244093471 103.829144123 54729
1.244066212 103.82924439 54735
1.243984457 103.829240095 54741
1.243911832 103.829144257 54747
1.243975161 103.829024392 54753
1.244056959 103.828982916 54759
1.244174768 103.828782381 54765
1.24439223 103.828658086 54771
1.244699971 103.82863406 54777
1.245016622 103.828747347 54783
1.245179521 103.82886936 54789
1.245396628 103.829074191 54795
1.245749203 103.829157009 54801
1.246120188 103.829141707 54807
1.246283305 103.828997816 54813
1.246455272 103.828851776 54819
1.246672678 103.828625066 54825
1.246844546 103.828422383 54831
1.247088888 103.828230572 54837
1.247423796 103.828123727 54843
1.247686422 103.828045204 54849
1.247985117 103.827947083 54855
1.248139387 103.827842385 54861
1.248166835 103.827707218 54867
1.248121854 103.827552453 54873
1.24805897 103.827251648 54879
1.248086306 103.826911649 54885
1.248140672 103.8265891 54891
1.248149643 103.82630145 54897
1.248050018 103.825994203 54903
1.247941303 103.825658634 54909
1.247760117 103.825386287 54915
1.24760635 103.825209778 54921
1.247461915 103.82509206 54927
1.247380963 103.824976488 54933
1.247408319 103.824895817 54939
1.247471857 103.82500038 54945
1.247489993 103.825065748 54951
1.247480813 103.82512897 54957
1.247471722 103.825100648 54963
1.247480519 103.825033132 54969
1.247462436 103.825033132 54975
1.247435311 103.825033132 54981
1.247426032 103.82503971 54987
1.247434885 103.82507461 54993
1.24741642 103.825070316 54999
1.247407331 103.825079041 55005
1.247398193 103.825059444 55011
1.247398431 103.825052866 55017
1.247380207 103.825079041 55023
1.247361936 103.82511394 55029
1.247352609 103.825129243 55035
1.247343376 103.825127096 55041
1.247334097 103.825133674 55047
1.247324914 103.825159849 55053
1.24732477 103.825148976 55059
1.247324576 103.825109783 55065
1.247306446 103.825118508 55071
1.247288366 103.825155554 55077
1.247279039 103.825170857 55083
1.247269951 103.825179582 55089
1.247261006 103.825199179 55095
1.247270095 103.825190454 55101
1.247279277 103.825164279 55107
1.247297646 103.825148976 55113
1.247315728 103.825148976 55119
1.247324961 103.825151124 55128
1.247334003 103.825151124 55134
1.247333956 103.825159849 55142
1.247342806 103.825157701 55149
1.247352035 103.825122802 55155
1.247361315 103.825116224 55161
1.247370595 103.825109646 55167
1.247370642 103.825100921 55173
1.247370545 103.825081324 55179
1.247343273 103.825033405 55185
1.247324758 103.825000789 55191
1.247315284 103.824968173 55197
1.247315284 103.824968173 55203
1.24732447 103.824979045 55209
1.247333511 103.824979045 55215
1.247342556 103.825016092 55221
1.247351312 103.825031395 55227
1.247360115 103.825037973 55233
1.24736911 103.825046698 55239
1.247369445 103.825059717 55245
1.247369636 103.825061864 55251
1.247360356 103.825068442 55257
1.247351077 103.825075019 55263
1.247342038 103.825112066 55271
1.247333047 103.825140388 55278
1.247333288 103.825170857 55284
1.247360415 103.825207904 55290
1.247360512 103.825227501 55296
1.247360512 103.825227501 55302
1.247369266 103.825205757 55308
1.247378304 103.82516871 55314
1.247405573 103.825179582 55320
1.247505085 103.825281997 55326
1.247677029 103.825441056 55332
1.247848931 103.825682934 55338
1.247993421 103.825903068 55344
1.248047647 103.826208167 55350
1.247993378 103.826550312 55356
