1.247462436 103.825033132 49863
1.247453347 103.825041857 49869
1.247444021 103.82505716 49875
1.247434741 103.825063738 49881
1.247434694 103.825072463 49887
1.247434694 103.825072463 49893
1.247434503 103.825070316 49899
1.247434503 103.825070316 49905
1.247434503 103.825070316 49911
1.247434503 103.825070316 49917
1.247434456 103.825079041 49924
1.247434456 103.825079041 49932
1.247434456 103.825079041 49938
1.247425414 103.825079041 49944
1.247425414 103.825079041 49952
1.247425414 103.825079041 49959
1.247425414 103.825079041 49965
1.247434503 103.825070316 49971
1.247434694 103.825072463 49977
1.247434647 103.825081188 49983
1.247425558 103.825089913 49989
1.247416517 103.825089913 49995
1.247416326 103.825087766 50001
1.247416087 103.825094343 50007
1.247416087 103.825094343 50013
1.247416087 103.825094343 50019
1.24740719 103.825105215 50025
1.247407046 103.825094343 50031
1.247424985 103.825083471 50038
1.247424985 103.825083471 50043
1.247434073 103.825074746 50049
1.24743412 103.825066021 50055
1.247434073 103.825074746 50061
1.247425223 103.825076893 50067
1.247416279 103.82509649 50073
1.247415993 103.825111793 50079
1.247406761 103.825109646 50085
1.247397481 103.825116224 50091
1.247388345 103.825133674 50097
1.247379113 103.825131527 50103
1.247379113 103.825131527 50109
1.247369833 103.825138104 50115
1.247360553 103.825144682 50121
1.247351559 103.825135957 50127
1.247342709 103.825138104 50133
1.247343091 103.825142399 50139
1.2473617 103.825157565 50148
1.247380069 103.825142262 50154
1.247389348 103.825135684 50160
1.247398628 103.825129107 50166
1.247407764 103.825111657 50172
1.247407764 103.825111657 50178
1.247407764 103.825111657 50184
1.247407572 103.82510951 50190
1.247407572 103.82510951 50196
1.247416517 103.825089913 50202
1.247407284 103.825087766 50208
1.247398052 103.825085618 50214
1.247388725 103.825100921 50220
1.247379589 103.825118371 50226
1.247379542 103.825127096 50232
1.247379542 103.825127096 50238
1.247379733 103.825129243 50245
1.247379686 103.825137968 50250
1.247379733 103.825129243 50256
1.24737978 103.825120518 50262
1.247388822 103.825120518 50268
1.247425229 103.825150987 50274
1.247443409 103.825170584 50280
1.247452689 103.825164006 50286
1.247470963 103.825166153 50292
1.247471389 103.825124676 50300
1.247480716 103.825109373 50307
1.247481095 103.82507662 50313
1.247490281 103.825087492 50319
1.247499658 103.825100512 50325
1.247499849 103.825102659 50331
1.24750004 103.825104806 50337
1.247490905 103.825122256 50343
1.247491049 103.825133128 50349
1.247481913 103.825150578 50355
1.247481816 103.825130981 50361
1.247490905 103.825122256 50370
1.247481719 103.825111384 50376
1.247472342 103.825098364 50384
1.247463301 103.825098364 50391
1.247454642 103.825102659 50397
1.247454833 103.825104806 50403
1.247445647 103.825093934 50409
1.247436367 103.825100512 50415
1.247417902 103.825096217 50421
1.247381354 103.825091923 50427
1.247381019 103.825078904 50433
1.247389678 103.82507461 50439
1.247380445 103.825072463 50445
1.247389295 103.825070316 50452
1.247407472 103.825052866 50457
1.247416514 103.825052866 50463
1.247416467 103.825061591 50469
1.247407428 103.825098638 50475
1.247389392 103.825089913 50481
1.247407331 103.825079041 50487
1.247397954 103.825066021 50493
1.24739781 103.825055149 50499
1.247388816 103.825046425 50505
1.247388672 103.825035552 50511
1.247425079 103.825066021 50517
1.247443309 103.82511394 50523
1.247524835 103.825235953 50529
1.247651522 103.82536669 50535
1.247778071 103.825560649 50541
1.247877451 103.82580038 50547
1.247995058 103.826050983 50553
1.248004023 103.826290714 50559
1.247958563 103.826713531 50567
1.247994708 103.827055677 50574
1.248067017 103.827360777 50581
1.248085247 103.827408696 50586
1.248112421 103.827437018 50592
1.248103483 103.827530708 50599
1.248003838 103.827565608 50604
1.247841098 103.827639701 50610
1.247551968 103.827715943 50618
1.247262464 103.827899029 50624
1.247009226 103.82813876 50631
1.24669266 103.828498356 50637
1.246448373 103.828792582 50643
1.246167914 103.829012716 50649
1.24582444 103.829106406 50655
1.245471626 103.829030165 50661
1.245218162 103.828823186 50667
1.244964754 103.828718623 50673
1.244611989 103.828670704 50679
1.24432248 103.828779696 50685
1.24419567 103.828897414 50691
1.244150043 103.829012984 50697
1.24406825 103.829128553 50703
1.243950192 103.829187479 50709
1.243904794 103.829185331 50715
1.243895512 103.829154861 50721
1.243868335 103.829089493 50727
1.243922669 103.828960903 50733
1.244049481 103.828880232 50739
1.244158155 103.828697146 50745
1.244348398 103.828590302 50751
1.244638057 103.828566275 50757
1.244954799 103.828625066 50763
1.245163053 103.828794998 50769
1.245407525 103.829030299 50775
1.245706237 103.82915446 50781
1.246013926 103.829065064 50787
1.246285441 103.828864528 50793
1.246502751 103.828618221 50799
1.246774445 103.828271645 50808
1.247172723 103.827962116 50815
1.247398898 103.827898894 50820
1.247552409 103.8278597 50826
1.247805567 103.827822653 50832
1.248068003 103.827741982 50838
1.248294216 103.827558895 50844
1.248520097 103.827399836 50850
1.248710156 103.827364936 50856
1.248818415 103.827371514 50862
1.248944996 103.827371514 50869
1.249135005 103.827308292 50874
1.249316082 103.827412856 50880
1.249442762 103.8274695 50886
1.249623733 103.827443325 50892
1.249804701 103.827380104 50898
1.249931373 103.827325607 50904
1.249940406 103.827214466 50912
1.249976707 103.827114198 50919
1.250121456 103.826985608 50925
1.25022985 103.826891917 50931
1.250301796 103.826850575 50937
1.250410155 103.826913797 50943
1.250455368 103.82698789 50949
1.250491684 103.827072856 50955
1.250419358 103.82714695 50961
1.25026566 103.827221044 50967
