1.344313161 103.726552385 49596
1.344213774 103.727071058 49599
1.34415954 103.72797767 49603
1.34415933 103.728354748 49605
1.34415008 103.728731825 49608
1.344104738 103.729285414 49611
1.344005099 103.729847732 49614
1.343860405 103.730383863 49617
1.343679643 103.730865488 49620
1.343236623 103.731660956 49626
1.343019928 103.731950745 49629
1.342848229 103.732201353 49632
1.342694552 103.732386593 49635
1.342594912 103.732532653 49638
1.342504258 103.732650393 49642
1.34249491 103.732665717 49644
1.342485563 103.732681041 49647
1.342485256 103.732696366 49650
1.342485051 103.732694233 49653
1.342493836 103.732700828 49656
1.34249363 103.732698695 49659
1.342502465 103.732696562 49662
1.342502209 103.732703158 49665
1.342502003 103.732701024 49668
1.342511044 103.732701024 49671
1.342510839 103.732698891 49674
1.342519624 103.732705487 49677
1.342519317 103.732720811 49680
1.342537299 103.732738269 49683
1.342536942 103.732762322 49686
1.342545832 103.732788508 49689
1.342554723 103.732814694 49692
1.342563869 103.732834285 49695
1.34257286 103.732843013 49698
1.342563974 103.732853875 49701
1.342563974 103.732853875 49704
1.342563924 103.732862604 49707
1.342564079 103.732873466 49710
1.342564029 103.732882194 49713
1.342536805 103.732899652 49716
1.34250049 103.732925838 49719
1.342428115 103.732971615 49722
1.342328415 103.733052306 49725
1.342156606 103.733246275 49728
1.341912587 103.733570978 49731
1.341641655 103.733934863 49734
1.341343448 103.734324934 49737
1.341027574 103.734756319 49740
1.340684527 103.735196434 49743
1.340341378 103.735654006 49746
1.339726573 103.736449473 49750
1.339482192 103.73676118 49752
1.339246802 103.737081617 49755
1.338866616 103.737539383 49758
1.338495472 103.737997148 49761
1.33814282 103.738459182 49764
1.337799004 103.738919081 49767
1.337455083 103.739359389 49770
1.337111008 103.739788834 49773
1.336749155 103.740202956 49776
1.336360224 103.740571302 49779
1.335916682 103.740889602 49782
1.335437021 103.741162126 49785
1.334984379 103.741415058 49788
1.334576889 103.741639671 49791
1.334214346 103.741833829 49794
1.333915446 103.742003937 49797
1.333526443 103.74219577 49801
1.333390884 103.742261138 49803
1.333282394 103.742298186 49806
1.33321002 103.742343962 49809
1.333264321 103.742372281 49812
1.333318623 103.742400601 49815
1.333345696 103.742409329 49818
1.333282199 103.742370147 49821
1.33324588 103.742359284 49824
1.33329119 103.742378875 49827
1.333300286 103.742407195 49830
1.333318318 103.742415923 49833
1.333309127 103.742442108 49836
1.333282003 103.742442108 49839
1.333273012 103.74243338 49842
1.333245734 103.742422517 49845
1.333218461 103.742448702 49848
1.333164473 103.742479156 49852
1.333155381 103.742487884 49854
1.333119321 103.742507475 49857
1.333092198 103.742507475 49860
1.33306497 103.742487884 49863
1.333056083 103.742498747 49866
1.333055979 103.742479156 49869
1.33306502 103.742479156 49872
1.333083052 103.742487884 49875
1.333101084 103.742496612 49878
1.333119067 103.742514069 49881
1.333137249 103.742496612 49884
1.333137245 103.742459565 49887
1.333092284 103.742378875 49890
1.333065202 103.742296051 49893
nan nan 49896
