1.332954679 103.741468153 51093
1.332954679 103.741468153 51096
1.33296367 103.741476882 51099
1.33296367 103.741476882 51102
1.332972711 103.741476882 51105
1.332990948 103.741487744 51108
1.332999989 103.741487744 51111
1.333018021 103.741496473 51114
1.333045145 103.741496473 51117
1.333063431 103.741498607 51120
1.333072472 103.741498607 51123
1.333090554 103.741498607 51127
1.333090759 103.741500741 51129
1.3330998 103.741500741 51132
1.333090709 103.74150947 51135
1.333099954 103.741511604 51138
1.333099954 103.741511604 51141
1.3331092 103.741513739 51144
1.3331092 103.741513739 51147
1.333118241 103.741513739 51150
1.333127282 103.741513739 51153
1.333127232 103.741522467 51157
1.333127232 103.741522467 51160
1.333127232 103.741522467 51162
1.333127182 103.741531195 51165
1.333127182 103.741531195 51168
1.333136019 103.741529061 51171
1.333135864 103.741518198 51174
1.33313571 103.741507335 51177
1.33313571 103.741507335 51180
1.333126414 103.741513929 51183
1.333117528 103.741524792 51186
1.333108387 103.741542248 51189
1.333099346 103.741542248 51192
1.333099296 103.741550977 51195
1.333081059 103.741540114 51198
1.333071968 103.741548842 51201
1.333053681 103.741546708 51205
1.33304459 103.741555436 51207
1.333044795 103.741557571 51210
1.333035754 103.741557571 51213
1.333035958 103.741559705 51216
1.333045203 103.741561839 51219
1.333054294 103.741553111 51222
1.333054499 103.741555246 51225
1.333054549 103.741546517 51228
1.333054599 103.741537789 51231
1.333054599 103.741537789 51234
1.333054803 103.741539923 51237
1.333045712 103.741548652 51240
1.333045662 103.74155738 51243
1.333036775 103.741568243 51246
1.333010215 103.741583374 51249
1.332983605 103.741607234 51252
1.332930434 103.741646226 51257
1.332921548 103.741657089 51258
1.332912661 103.741667951 51261
1.332904183 103.741683083 51264
1.332904337 103.741693946 51267
1.332904542 103.74169608 51270
1.332913787 103.741698215 51273
1.332913787 103.741698215 51276
1.332941165 103.741691621 51280
1.332959347 103.741674164 51283
1.332977684 103.74166757 51285
1.332986725 103.74166757 51288
1.333004857 103.741658842 51291
1.333014152 103.741652248 51294
1.333023194 103.741652248 51297
1.333032439 103.741654383 51300
1.33304148 103.741654383 51303
1.333041685 103.741656517 51306
1.333041685 103.741656517 51309
1.333059971 103.741658652 51313
1.333059971 103.741658652 51315
1.333069012 103.741658652 51318
1.333078258 103.741660786 51321
1.333087299 103.741660786 51324
1.333096545 103.741662921 51327
1.333096749 103.741665055 51330
1.333096953 103.741667189 51333
1.333097158 103.741669324 51336
1.333097412 103.74166273 51339
1.333097616 103.741664865 51342
1.333097616 103.741664865 51345
1.33308878 103.741666999 51348
1.333088984 103.741669133 51351
1.333062015 103.741679996 51354
1.333016914 103.741699587 51357
1.332917415 103.741745363 51360
1.332709532 103.741847779 51364
1.332628166 103.741884826 51366
1.332555587 103.741928468 51369
1.332447097 103.741965516 51372
1.332338554 103.741974244 51375
1.33226627 103.741928468 51378
1.332239083 103.741826053 51381
1.332284271 103.741677862 51384
1.33238376 103.74155799 51387
1.332456031 103.741492623 51390
