1.341366706 103.740898712 51996
1.341393757 103.740722201 51999
1.341411556 103.740506508 52002
1.341402479 103.740210125 52005
1.341411584 103.739896284 52008
1.341474631 103.739597767 52011
1.34160117 103.739301384 52014
1.341745847 103.73903332 52017
1.341872802 103.738778253 52020
1.341972383 103.738566828 52023
1.342053991 103.738412041 52026
1.342099644 103.738296437 52029
1.342108777 103.738204884 52032
1.342117919 103.738187427 52036
1.342117919 103.738187427 52038
1.342118175 103.738180833 52041
1.342118175 103.738180833 52044
1.342127266 103.738172104 52048
1.342127266 103.738172104 52050
1.342127266 103.738172104 52053
1.342127472 103.738174238 52056
1.342118381 103.738182967 52059
1.342127577 103.738193829 52062
1.342136463 103.738182967 52065
1.342136564 103.73816551 52068
1.342145756 103.738139324 52071
1.342191003 103.7380565 52074
1.342281451 103.737936627 52077
1.342498237 103.737555285 52082
1.342534392 103.737481189 52083
1.34262463 103.737322135 52086
1.342751535 103.737075796 52089
1.342923326 103.736733636 52093
1.342977559 103.736622492 52095
1.343022805 103.736539667 52098
1.343068002 103.736465571 52101
1.343067897 103.736445981 52104
1.343067897 103.736445981 52107
1.343067897 103.736445981 52110
1.343067897 103.736445981 52113
1.343067897 103.736445981 52116
1.343076938 103.736445981 52119
1.343076938 103.736445981 52122
1.343076938 103.736445981 52125
1.343076938 103.736445981 52128
1.343076938 103.736445981 52131
1.343067897 103.736445981 52134
1.343067897 103.736445981 52137
1.343067897 103.736445981 52140
1.343067897 103.736445981 52143
1.343067897 103.736445981 52146
1.343067897 103.736445981 52149
1.343067897 103.736445981 52152
1.343067897 103.736445981 52155
1.343067897 103.736445981 52158
1.343067691 103.736443847 52161
1.343067691 103.736443847 52164
1.343067691 103.736443847 52169
1.343067691 103.736443847 52170
1.343067691 103.736443847 52173
1.343067691 103.736443847 52176
1.343067691 103.736443847 52179
1.343067691 103.736443847 52182
1.34306764 103.736452575 52185
1.343067485 103.736441713 52188
1.343103489 103.736393803 52191
1.343166763 103.736282659 52194
1.343266092 103.736114877 52197
1.343392846 103.735894723 52200
1.343528431 103.735635387 52203
1.343673162 103.735395642 52206
1.343790619 103.735182083 52209
1.343889897 103.73502303 52212
1.343944075 103.734883567 52215
1.34398023 103.734809471 52218
1.343989166 103.73478988 52221
1.343998207 103.73478988 52224
1.344007092 103.734779018 52227
1.344007092 103.734779018 52230
1.344015927 103.734776885 52233
1.344015927 103.734776885 52236
1.344070114 103.734711517 52240
1.344106169 103.734654879 52242
1.344169498 103.734572054 52245
1.344259684 103.734421729 52248
1.344340935 103.734290995 52251
1.344395168 103.734179851 52254
1.344431323 103.734105756 52257
1.344458442 103.734068708 52260
1.344476419 103.734049117 52263
1.344476469 103.734040388 52266
1.344476469 103.734040388 52269
1.344485561 103.73403166 52272
1.344485561 103.73403166 52275
1.344485405 103.734020798 52278
1.34451273 103.733985883 52281
1.344558027 103.73389433 52284
1.344621346 103.73373741 52287
1.344702945 103.733508527 52290
1.344820598 103.733223006 52293
