-6.18027342892 106.817583034 31184
-6.18014553434 106.817763121 31190
-6.17981316025 106.81799904 31196
-6.17939863478 106.818233409 31202
-6.17889103792 106.818554537 31208
-6.17828859508 106.818916412 31214
-6.17770876946 106.819283067 31220
-6.17722880671 106.819592616 31226
-6.17674859108 106.819874776 31232
-6.17631473988 106.82011238 31238
-6.17621445528 106.820128921 31244
-6.17621445528 106.820128921 31250
-6.17621445528 106.820128921 31256
-6.17621445528 106.820128921 31262
-6.17621445528 106.820128921 31268
-6.17622800605 106.820140232 31274
-6.17623641512 106.820145136 31280
-6.17624296385 106.820148872 31286
-6.17624521228 106.820160276 31292
-6.1762389735 106.820164309 31298
-6.17622915282 106.820160232 31304
-6.17622666885 106.820159856 31310
-6.17621680361 106.820160649 31316
-6.17619337523 106.82016282 31322
-6.17618114388 106.820175876 31328
-6.17616018893 106.820179792 31334
-6.17587871265 106.82031696 31340
-6.17537181256 106.820605011 31346
-6.1748255434 106.820882526 31352
-6.17433067779 106.821110023 31358
-6.1738692534 106.821291437 31364
-6.1680792236 106.820927796 31522
-6.16806837682 106.820885805 31527
-6.16806415638 106.820880514 31533
-6.1680611342 106.820896607 31539
-6.16805731069 106.82090334 31545
-6.16805764336 106.820901964 31551
-6.16805764336 106.820901964 31557
-6.16805764336 106.820901964 31563
-6.16805764336 106.820901964 31569
-6.16805764336 106.820901964 31575
-6.16805764336 106.820901964 31581
-6.16805764336 106.820901964 31587
-6.16805083096 106.82089763 31593
-6.16805116473 106.820895964 31599
-6.16805089199 106.820892805 31605
-6.16805289918 106.820893848 31611
-6.16805543694 106.820893487 31617
-6.16805773159 106.820891841 31623
-6.16803498093 106.820887727 31629
-6.16777339736 106.820867811 31635
