1.33850108168 103.706560241 64957
1.33843893902 103.705991944 64964
1.3386556673 103.705607894 64985
1.33870857699 103.705599581 64991
1.33869770131 103.705625894 65007
1.33869775063 103.70562572 65013
1.33870115075 103.705616431 65019
1.3387071486 103.705605616 65025
1.34447703441 103.725761968 65260
1.34408651243 103.728658328 65276
1.34395735805 103.729813031 65282
1.3436449459 103.730864892 65288
1.34323973997 103.731662832 65294
1.34288011167 103.732171455 65300
1.34266059353 103.7324767 65306
1.34261106382 103.732534337 65312
1.34261106382 103.732534337 65318
1.34261106382 103.732534337 65324
1.34261106382 103.732534337 65330
1.34261106382 103.732534337 65336
1.34261106382 103.732534337 65342
1.34261106382 103.732534337 65348
1.34261106382 103.732534337 65354
1.34257695282 103.732641629 65360
1.34227370463 103.733041636 65366
1.34131719747 103.734285271 65377
1.34013650011 103.735835884 65388
1.33942061056 103.736771938 65394
1.33871379117 103.737676478 65400
1.33800113978 103.7385738 65406
1.3372964755 103.739478477 65412
1.33658379434 103.740341888 65418
1.33570374749 103.741041324 65424
1.33476677091 103.741533131 65430
1.3340366461 103.741885977 65436
1.33356581898 103.742151444 65442
1.33325180036 103.742332545 65448
1.33321427135 103.742375729 65454
1.33321427135 103.742375729 65460
1.33321427135 103.742375729 65466
1.33321427135 103.742375729 65472
1.33321427135 103.742375729 65478
1.33321427135 103.742375729 65484
1.33321427135 103.742375729 65490
1.33321134693 103.742468197 65506
1.33317691504 103.742568958 65517
1.33207999928 103.742607605 65528
1.33146097628 103.743149394 65534
1.33066708702 103.744718582 65540
1.32970416503 103.746326718 65551
1.32931510724 103.747092106 65557
1.32858596655 103.748620299 65568
1.32838769285 103.749496752 65574
1.32833439891 103.75059172 65580
1.32831924485 103.751758352 65586
1.32793781548 103.753815965 65597
1.32712552927 103.756138788 65613
1.32693051556 103.756939399 65619
1.3267043273 103.757756919 65625
1.3263831125 103.758514462 65631
1.32589776896 103.759172538 65637
1.32532158998 103.759707923 65643
1.32463388453 103.760088456 65649
1.3239641298 103.760377032 65655
1.32291039637 103.760858581 65666
1.32228837371 103.761144004 65672
1.32146944903 103.761558211 65678
1.32054963275 103.762132971 65684
1.31956660587 103.762776834 65690
1.3185406477 103.763431428 65696
1.31758820519 103.764097196 65702
1.31672660079 103.764653386 65708
1.31602214474 103.764983662 65714
1.31555200204 103.76518395 65720
1.315230449 103.765271731 65726
1.31507381059 103.765255453 65747
1.31507381059 103.765255453 65753
1.31507381059 103.765255453 65785
1.31507381059 103.765255453 65791
1.31542656589 103.765090308 65818
1.31542656589 103.765090308 65824
1.31545794438 103.765161579 65835
1.31548604093 103.765232758 65841
1.31555535534 103.765261331 65847
1.31555535534 103.765261331 65863
1.31559555021 103.765351579 65869
1.31561284884 103.765439363 65880
1.31561284884 103.765439363 65886
1.3155391505 103.765612579 65902
1.31548968882 103.765510748 65929
1.31529023684 103.765443895 65945
1.3145750576 103.765700322 65992
1.31411446304 103.766578208 66019
1.31519840676 103.765110915 67824
1.31522256322 103.765142047 67840
1.3151721246 103.765136638 67846
1.31513255131 103.765120082 67852
1.31510907937 103.765113961 67858
1.31506307908 103.765114937 67864
1.31505692386 103.765105346 67870
1.31501972467 103.765105778 67876
1.31499848299 103.765120205 67892
1.31497952103 103.765102677 67903
1.315281317 103.764962442 67914
1.31608137059 103.764601612 67925
1.31656471531 103.764410494 67931
1.3169970677 103.764180735 67937
1.31734300437 103.763962373 67943
1.31761759457 103.763780309 67949
1.31795403855 103.763547198 67955
1.31823179495 103.763323033 67961
1.31835695751 103.763194922 67967
1.31840108864 103.763073193 67973
1.31826534035 103.762882057 67979
1.31787521248 103.762689695 67985
1.31752455211 103.762462698 67991
1.31733714026 103.762385075 67997
1.3173111439 103.762372221 68003
1.3173111439 103.762372221 68009
1.3173111439 103.762372221 68015
1.31732014144 103.762339031 68021
1.31721476965 103.76224147 68027
1.3170373677 103.762078417 68033
1.3167708952 103.761818373 68039
1.31634719266 103.761431764 68045
1.31581318209 103.760999268 68051
1.31521181076 103.760724463 68057
1.31406995922 103.760424735 68068
1.31358434262 103.760315609 68074
1.31320421148 103.760308715 68080
1.31372343558 103.760698716 68106
1.31439222272 103.760037291 68117
1.31628841026 103.758301892 68143
1.3165375868 103.758050087 68149
1.316654073 103.757935572 68155
1.316654073 103.757935572 68161
1.316654073 103.757935572 68192
1.31703775157 103.757718091 68208
1.31818845167 103.756790407 68223
1.31948937536 103.755762013 68239
1.3202402743 103.755042811 68250
1.32044253275 103.75481913 68256
1.32046199545 103.754793373 68262
1.32046199545 103.754793373 68268
1.32066605949 103.754559892 68289
1.32091866092 103.75422494 68295
1.32153815992 103.752497526 68311
1.32174838506 103.751811882 68317
1.32196219064 103.751133509 68323
1.3221459818 103.750442567 68329
1.32229402922 103.749758853 68335
1.3224173301 103.749062422 68341
1.32251654056 103.748427185 68347
1.32256280804 103.74796378 68353
1.32257531508 103.747684307 68374
1.32257531508 103.747684307 68385
1.32261781261 103.74750894 68396
