-6.9205887771 107.600451074 73485
-6.92049094316 107.600437956 73497
-6.9204861563 107.600458034 73502
-6.92047570632 107.600482951 73508
-6.92047570632 107.600482951 73514
-6.92047570632 107.600482951 73520
-6.92047570632 107.600482951 73526
-6.92048817325 107.600486474 73532
-6.92048632939 107.600490827 73538
-6.92048661693 107.60049093 73544
-6.92049150687 107.600491688 73550
-6.92049091909 107.600505495 73556
-6.92049938027 107.600497022 73562
-6.92050245555 107.600472319 73568
-6.92049035379 107.60045437 73574
-6.92048505899 107.600443123 73580
-6.92048134978 107.60043532 73586
-6.92048067194 107.600432646 73592
-6.92048104741 107.600428569 73598
-6.92048136927 107.600424934 73604
-6.92047829078 107.600419676 73610
-6.92043237304 107.600219528 73616
-6.92040380845 107.600055601 73622
-6.92035907864 107.599813397 73628
-6.92027218081 107.599482068 73634
-6.92022923995 107.599252977 73640
-6.92021516729 107.599141277 73646
-6.92018654786 107.59897224 73653
-6.92015652025 107.598745604 73659
-6.92012104796 107.598611835 73665
-6.92011106946 107.598582063 73671
-6.92011106946 107.598582063 73677
-6.92011106946 107.598582063 73683
-6.92009754095 107.598564553 73689
-6.92009555033 107.598539346 73695
-6.92007504217 107.59842774 73701
-6.92002242568 107.59836623 73707
-6.92001565524 107.598356363 73713
-6.92001365723 107.598348245 73719
-6.92001213975 107.598346073 73725
-6.91999320976 107.598344802 73731
-6.91996958657 107.598332489 73737
-6.91982690857 107.598322469 73743
-6.91979459125 107.59831948 73749
-6.9197362787 107.598312729 73755
-6.91966787973 107.598309942 73761
-6.91959738547 107.598313561 73767
-6.91949318162 107.598317336 73773
-6.91941607941 107.598315182 73779
-6.91932190792 107.598310973 73785
-6.91930733881 107.598305618 73791
-6.91930281589 107.598301883 73797
-6.91930267278 107.598301888 73803
-6.91930019124 107.598303505 73809
-6.91927962712 107.59830247 73815
-6.91922413842 107.598304418 73821
-6.91912974098 107.59829997 73827
-6.9189272703 107.598295666 73833
-6.91888012743 107.598298168 73839
-6.91879491095 107.598296597 73845
-6.91867549785 107.598284072 73851
-6.91850543363 107.598264486 73857
-6.91829022954 107.598237783 73863
-6.91789285156 107.598233798 73869
-6.91749439359 107.598229706 73875
-6.91717078624 107.598225497 73881
-6.91685914384 107.598205611 73887
-6.91654221509 107.598170495 73893
-6.91623343118 107.598156809 73899
-6.91590682268 107.598165332 73905
-6.91550355257 107.59813854 73911
-6.91516714807 107.598095148 73917
-6.91496791977 107.59808408 73923
-6.91477783432 107.598090347 73929
-6.91466434874 107.598098064 73935
-6.9145428332 107.598103085 73941
-6.9142860214 107.598107894 73947
-6.91400392162 107.598080894 73953
-6.91365552716 107.598046741 73959
-6.91330430306 107.598010562 73965
-6.91314155569 107.597985075 73971
-6.91281312787 107.597981893 73977
-6.91244878687 107.597954321 73983
-6.91211809724 107.597940006 73989
-6.91184582245 107.597920574 73995
-6.911594038 107.597924438 74001
-6.91125776241 107.597904547 74007
-6.91090594849 107.597880911 74013
-6.91053440568 107.597843917 74019
-6.91015211867 107.597821104 74025
-6.90979033331 107.597804972 74031
-6.90941536564 107.59776695 74037
-6.90902267068 107.59773483 74043
-6.90865485084 107.597709891 74049
-6.90829362293 107.59768755 74055
-6.90799871137 107.597665994 74061
-6.90782657109 107.597641767 74067
-6.90768095371 107.597623804 74073
-6.90752316292 107.59761159 74079
-6.90736332891 107.597615868 74085
-6.90722875786 107.597619652 74091
-6.90717301346 107.597620877 74097
-6.90717301346 107.597620877 74103
-6.90697922471 107.597625556 74109
-6.90670364215 107.597639814 74115
-6.90664542935 107.597802875 74121
-6.90669562395 107.598026385 74127
-6.90675341602 107.598350579 74133
-6.90679527773 107.598687807 74139
-6.9068272669 107.599071225 74145
-6.90684970747 107.599322721 74151
-6.90687137266 107.599541627 74157
-6.90687339203 107.599965622 74163
-6.90687594355 107.60047454 74169
-6.90689307858 107.601021289 74175
-6.90693170894 107.601519974 74181
-6.90696085094 107.601979126 74187
-6.90700163743 107.602469207 74193
-6.90704452353 107.60298632 74199
-6.9070791306 107.603498819 74205
-6.90708834504 107.603976094 74211
-6.9070864436 107.604319047 74217
-6.90684445855 107.60437573 74223
-6.90644956091 107.604365579 74229
-6.90600449517 107.604378077 74235
-6.90554532756 107.60439672 74241
-6.90511650736 107.604397084 74247
-6.90472380682 107.604404967 74253
-6.90444665334 107.604437202 74259
-6.90432076301 107.604686984 74265
-6.90422396029 107.604992337 74271
-6.9040637102 107.605336244 74277
-6.90405409819 107.605805766 74283
-6.90418737245 107.606280233 74289
-6.90441079534 107.606684859 74295
-6.90470163963 107.607024486 74301
-6.90507049278 107.607349497 74307
-6.90545898422 107.607545617 74313
-6.9058169424 107.607676834 74319
-6.90619936718 107.60776078 74325
-6.90643965485 107.607907601 74331
-6.90653615834 107.608164069 74337
-6.90659683938 107.608454774 74343
-6.90665127895 107.608823422 74349
-6.90672449934 107.609201565 74355
-6.9067677793 107.609511375 74361
-6.9067927941 107.609688628 74367
-6.9068044603 107.609766797 74373
-6.9068044603 107.609766797 74379
-6.9068044603 107.609766797 74385
-6.9068044603 107.609766797 74391
-6.9068044603 107.609766797 74397
-6.9068044603 107.609766797 74403
-6.9068044603 107.609766797 74409
-6.9068044603 107.609766797 74415
-6.90684281438 107.609933803 74421
-6.90687393928 107.610189754 74427
-6.90689422129 107.610324486 74433
-6.90689723788 107.610569934 74439
-6.90692682739 107.610902869 74445
-6.90695627089 107.61120752 74451
-6.90697073513 107.611329832 74457
-6.90699451978 107.61150936 74463
-6.9069937077 107.611696789 74469
-6.90699853521 107.611797942 74475
-6.90701129933 107.611856169 74481
-6.90703140787 107.612003031 74487
-6.90700834305 107.612125517 74493
-6.90700834305 107.612125517 74499
-6.90700834305 107.612125517 74505
-6.90700834305 107.612125517 74511
-6.90700834305 107.612125517 74517
-6.90700834305 107.612125517 74523
-6.90700834305 107.612125517 74529
-6.90700258934 107.612253448 74535
-6.9069800055 107.612505274 74541
-6.90692257928 107.612833766 74547
-6.90682150849 107.613063352 74553
-6.9067006127 107.613278893 74559
-6.90657309841 107.613526557 74565
-6.90648987435 107.613684359 74571
-6.90645312338 107.613962113 74577
-6.90641862008 107.614374047 74583
-6.90640411856 107.614601402 74589
-6.90637728655 107.614890935 74595
-6.90634080505 107.615218084 74601
-6.90629651303 107.615541644 74607
-6.90626677622 107.615912854 74613
-6.90621672594 107.616328424 74619
-6.90615767738 107.616659331 74625
-6.90620916727 107.616755256 74631
-6.90654534129 107.616823388 74637
-6.90696848218 107.616918829 74643
-6.90736392539 107.617024718 74649
-6.90778580838 107.617135232 74655
-6.9082117105 107.617200332 74661
-6.90863410556 107.617302865 74667
-6.9089091963 107.617351736 74673
-6.9089222985 107.617352608 74679
-6.9089222985 107.617352608 74685
-6.9089222985 107.617352608 74691
-6.9089222985 107.617352608 74697
-6.9089222985 107.617352608 74703
-6.90900763246 107.617474689 74709
-6.90892754565 107.61777638 74715
-6.90887212627 107.617986776 74721
-6.90885115318 107.618041247 74727
-6.90879463304 107.618227052 74733
-6.90875179453 107.618454819 74739
-6.90875694564 107.618595873 74745
-6.90875694564 107.618595873 74751
-6.90875694564 107.618595873 74757
-6.90875694564 107.618595873 74763
-6.90875694564 107.618595873 74769
-6.90875694564 107.618595873 74775
-6.90875694564 107.618595873 74781
-6.90877503182 107.618759317 74787
-6.90883294167 107.619032219 74793
-6.90890164162 107.619333865 74799
-6.90898306591 107.619623343 74805
-6.90905675771 107.619926116 74811
-6.90915094629 107.620258809 74817
-6.90925841194 107.620399636 74823
-6.90930995719 107.620321429 74829
-6.90940626806 107.620294355 74835
-6.9094385159 107.620309003 74841
-6.9094385159 107.620309003 74847
-6.9094385159 107.620309003 74853
-6.9094385159 107.620309003 74859
-6.9094385159 107.620309003 74865
-6.9094385159 107.620309003 74871
-6.9094385159 107.620309003 74877
-6.90941648495 107.620305351 74883
-6.90941648495 107.620305351 74889
-6.90941648495 107.620305351 74895
-6.90941648495 107.620305351 74901
-6.90941648495 107.620305351 74907
-6.90941648495 107.620305351 74913
-6.90937201237 107.620236175 74919
-6.90937201237 107.620236175 74925
-6.90937201237 107.620236175 74931
-6.90937201237 107.620236175 74937
-6.90935688605 107.62014545 74943
-6.90935688605 107.62014545 74949
-6.90935688605 107.62014545 74955
