1.33966851703 103.718012153 26564
1.3397600956 103.717978394 26570
1.33983971672 103.717901503 26575
1.33986773498 103.717841233 26582
1.33990688876 103.717799936 26588
1.33997558822 103.717795058 26594
1.34002153873 103.717793307 26599
1.34002153873 103.717793307 26605
1.34009790152 103.717750164 26611
1.3401290029 103.717729557 26617
1.34010565883 103.717671447 26623
1.34008124905 103.717590837 26629
1.34006425293 103.717512085 26635
1.34003100892 103.717413717 26641
1.33997434261 103.717347322 26647
1.33992831106 103.717298083 26653
1.33987617301 103.717243982 26659
1.33982591717 103.717181105 26665
1.33977553239 103.717132637 26671
1.3397299922 103.717087022 26677
1.339684968 103.717025433 26683
1.33964020152 103.716960219 26689
1.33958174062 103.716903626 26695
1.33953845105 103.716850038 26701
1.33949442624 103.716788083 26707
1.33946129452 103.716718911 26713
1.339460905 103.716653701 26719
1.33945957818 103.716599545 26725
1.3395224247 103.716566705 26731
1.33958350371 103.716535231 26737
1.33962673153 103.716508936 26743
1.33969535119 103.716470282 26749
1.33975606487 103.716417583 26755
1.33981516417 103.716376568 26761
1.33988337697 103.716341933 26767
1.33996648187 103.716313198 26773
1.34004338068 103.716280182 26779
1.34011244514 103.716244871 26785
1.34018324634 103.716238248 26791
1.3402411787 103.716226139 26797
1.34027804426 103.716219795 26803
1.3402822412 103.716217913 26809
1.34028197853 103.71621841 26815
1.34028003382 103.716215631 26821
1.3402800956 103.716208912 26827
1.34027780376 103.716212861 26833
1.34027888664 103.716213653 26839
1.34027760454 103.716212133 26845
1.34027586385 103.716203286 26851
1.34025279478 103.716152734 26857
1.34022226268 103.716085498 26863
1.34024292281 103.716012491 26869
1.34027766069 103.715922495 26875
1.34031406591 103.715863266 26881
1.34033859526 103.715801299 26887
1.34035933095 103.715751715 26893
1.3403803264 103.715696807 26899
1.34040916823 103.715613069 26905
1.34042905888 103.715533216 26911
1.34041693626 103.715480573 26917
1.34042284491 103.715374647 26923
1.34043062963 103.715324187 26929
1.34040065971 103.715248796 26935
1.34038218524 103.715197973 26941
1.34035831805 103.715116002 26947
1.34035069635 103.71502612 26953
1.34034015001 103.714934002 26959
1.34034931203 103.714851661 26965
1.34033986872 103.714765607 26971
1.34034623181 103.71467868 26977
1.34032415667 103.714613706 26983
1.34032759571 103.714523887 26989
1.34031622158 103.714445839 26995
1.3403156353 103.714381687 27001
1.34029972997 103.714322118 27007
1.34028769528 103.714247294 27013
1.34028532776 103.714168675 27019
1.34026795251 103.714104298 27025
1.34025901729 103.714026935 27031
1.34025074505 103.713959751 27037
1.3402610495 103.713884068 27043
1.34025754201 103.713800154 27049
1.3402623041 103.713726209 27055
1.34026211781 103.71362092 27061
1.3402488074 103.71351262 27067
1.34025276053 103.713424468 27073
1.3402977739 103.713332058 27079
1.34036002231 103.713280899 27085
1.34036458428 103.713212024 27091
1.34037958585 103.713143213 27097
1.34040035438 103.713061417 27103
1.3404064893 103.712983546 27109
1.34041532993 103.712920783 27115
1.34041089356 103.712835648 27121
1.34041368778 103.712763402 27127
1.34041260348 103.712700972 27133
1.34039592841 103.712648598 27139
1.34035624549 103.712430123 28065
1.34037620793 103.712441387 28071
1.34040624702 103.712415997 28077
1.34045119487 103.712370932 28083
1.34045318092 103.712297172 28089
1.34044936801 103.7121929 28095
1.34042337788 103.712113864 28101
1.34040071383 103.712045924 28107
1.34038886778 103.711977003 28113
1.34037825315 103.711904034 28119
1.34038430879 103.711843422 28125
1.34038219624 103.711780376 28131
1.34038518604 103.711730544 28137
1.34038798729 103.711652683 28143
1.34037290409 103.711570393 28149
1.34037903792 103.711505668 28155
1.34038442571 103.711418151 28161
1.34036994523 103.711314053 28167
1.34037247238 103.711232813 28173
1.34036020038 103.711184812 28179
1.34035003374 103.711182354 28185
1.3402798315 103.711138161 28191
1.34018679236 103.711053429 28197
1.34012625497 103.710997405 28203
1.34010724452 103.710979878 28209
1.34007101527 103.710938084 28215
1.34000098075 103.710873579 28221
1.33994173218 103.7108507 28227
1.33989176924 103.710862601 28233
1.33984659656 103.710798509 28239
1.3397856215 103.710715708 28245
1.33976616523 103.710653001 28251
1.33975911962 103.71059557 28257
1.339744715 103.710530643 28263
1.33975723223 103.710485772 28269
1.33976002937 103.710448727 28275
1.33974395929 103.710423088 28281
1.33967187916 103.710353653 28287
1.33966274022 103.710350171 28293
1.33965392242 103.710345875 28299
1.3395874408 103.710337177 28305
1.33949655434 103.710321502 28311
1.33940979486 103.710338355 28317
1.33931965562 103.710358777 28323
1.33926261834 103.710359327 28329
