-6.13418819167 106.865421989 44407
-6.13371514608 106.86509384 44414
-6.13334557687 106.864831069 44420
-6.13296257025 106.864409526 44426
-6.13259211277 106.863957793 44432
-6.13196351302 106.820761269 45010
-6.13232031005 106.799079466 45172
-6.19705077593 106.798091292 45694
-6.19747884539 106.798147082 45701
-6.1980615683 106.79828812 45707
-6.19864511018 106.798483706 45713
-6.19916368664 106.798727143 45719
-6.19970654005 106.798965444 45725
-6.21316912897 106.783401355 46383
-6.2131587468 106.783577011 46389
-6.2132238483 106.783681289 46394
-6.21327086358 106.783728637 46400
-6.21332594546 106.783761176 46406
-6.21337040405 106.783868634 46412
-6.21339572264 106.784003376 46418
-6.21342087938 106.784125308 46424
-6.21344399355 106.784300039 46430
