-6.24242218379 106.844103774 50052
-6.24242796749 106.844113374 50057
-6.24242796749 106.844113374 50057
-6.2424256 106.8441109 50062
-6.2424257 106.8441109 50067
-6.24252183172 106.843998679 50080
-6.24252183172 106.843998679 50080
-6.2425218 106.8439987 50081
-6.2425218 106.8439987 50086
-6.2425218 106.8439987 50091
-6.24331599331 106.84361514 50097
-6.24331599331 106.84361514 50097
-6.243316 106.8436151 50098
-6.24350148165 106.843278844 50107
-6.24350148165 106.843278844 50107
-6.24348553403 106.842940947 50113
-6.24348553403 106.842940947 50113
-6.24338364354 106.842567831 50120
-6.24338364354 106.842567831 50120
-6.24318839251 106.842148578 50127
-6.24318839251 106.842148578 50127
-6.2429961028 106.841742525 50134
-6.2429961028 106.841742525 50134
-6.24280155401 106.841264886 50141
-6.24280155401 106.841264886 50141
-6.2426828489 106.84076765 50148
-6.2426828489 106.84076765 50148
-6.24259725688 106.840428827 50154
-6.24259725688 106.840428827 50154
-6.24257526142 106.840288995 50160
-6.24257526142 106.840288995 50160
-6.24256412569 106.84023315 50166
-6.24256412569 106.84023315 50166
-6.24254628498 106.840168094 50172
-6.24254628498 106.840168094 50172
-6.24250073208 106.839998743 50178
-6.24250073208 106.839998743 50178
-6.2425007 106.8399987 50182
-6.24227588995 106.839226915 50188
-6.24227588995 106.839226915 50188
-6.24212807797 106.838756872 50194
-6.24212807797 106.838756872 50194
-6.2421281 106.8387569 50198
-6.24187949222 106.837817446 50204
-6.24187949222 106.837817446 50204
-6.2418795 106.8378174 50209
-6.2418795 106.8378174 50214
-6.2418795 106.8378174 50220
-6.24148414532 106.836280605 50227
-6.24148414532 106.836280605 50227
-6.24141630225 106.836039622 50234
-6.24141630225 106.836039622 50234
-6.2414218 106.836059 50235
-6.24138231982 106.835890363 50241
-6.24138231982 106.835890363 50241
-6.24133462978 106.835716974 50248
-6.24133462978 106.835716974 50248
-6.2413346 106.835717 50249
-6.24129385158 106.835542735 50258
-6.24129385158 106.835542735 50258
-6.24126941239 106.835440518 50265
-6.24126941239 106.835440518 50265
-6.24124665374 106.835337265 50272
-6.24124665374 106.835337265 50272
-6.2412475 106.8353408 50276
-6.2407146 106.8353528 50281
-6.24117403395 106.834998449 50289
-6.24117403395 106.834998449 50289
-6.24110166053 106.834715745 50295
-6.24110166053 106.834715745 50295
-6.24102704916 106.834401355 50301
-6.24102704916 106.834401355 50301
-6.24097994175 106.834174648 50307
-6.24097994175 106.834174648 50307
-6.2409799 106.8341746 50311
-6.24087778867 106.833810431 50317
-6.24087778867 106.833810431 50317
-6.24081385033 106.833592965 50323
-6.24081385033 106.833592965 50323
-6.24076772775 106.833478808 50329
-6.24076772775 106.833478808 50329
-6.24076100825 106.833452162 50334
-6.24075541563 106.833440193 50335
-6.24070498404 106.833297149 50341
-6.24070498404 106.833297149 50341
-6.24063948942 106.833093836 50347
-6.24063948942 106.833093836 50347
-6.24058855698 106.832906261 50353
-6.24058855698 106.832906261 50353
-6.2405921 106.8329188 50357
-6.24048863247 106.832691116 50363
-6.24041155575 106.832557503 50370
-6.24041155575 106.832557503 50370
-6.24033316347 106.832405874 50377
-6.2403403 106.8324194 50382
-6.2389429 106.8309278 50387
-6.2418295 106.830559 50393
-6.2395893 106.8322024 50394
