-6.16242792956 106.826638889 75910
-6.16213702486 106.826677021 75916
-6.16193474531 106.826619074 75923
-6.161795658 106.826505972 75929
-6.16173353982 106.82629631 75935
-6.1616347292 106.826032338 75941
-6.16154172578 106.825724007 75947
-6.16142742477 106.825304807 75953
-6.16126924533 106.824860719 75959
-6.16109372594 106.824425917 75965
-6.160912465 106.82397415 75971
-6.16071954964 106.823523981 75977
-6.16055078606 106.82305059 75983
-6.16035760678 106.8225742 75989
-6.16015038491 106.822051734 75995
-6.15998075531 106.821551653 76001
-6.15981201929 106.821048514 76007
-6.15965652872 106.820531912 76013
-6.15965443168 106.820114749 76019
-6.15971327485 106.8197733 76025
-6.15976858581 106.819532408 76031
-6.15979192088 106.819395495 76037
-6.159892984 106.819303607 76043
-6.16018950391 106.81936283 76049
-6.16059768831 106.81946784 76055
-6.16106418631 106.819553542 76061
-6.16154536441 106.819670222 76067
-6.16204277421 106.819750049 76073
-6.16251965626 106.819863671 76079
-6.16294068214 106.819966796 76085
-6.16319030549 106.820016686 76091
-6.16326391577 106.82003806 76097
-6.16350334745 106.820088501 76103
-6.16390429643 106.820214495 76109
-6.16443917123 106.82034007 76115
-6.16498988424 106.820472497 76121
-6.16545379807 106.820600623 76127
-6.1659011729 106.820667217 76133
-6.16626540689 106.820727557 76139
-6.16639399326 106.820670594 76145
-6.1664234812 106.820692746 76151
-6.16665179254 106.820817861 76157
-6.16680056999 106.820863604 76163
-6.16705725961 106.820912699 76169
-6.16739054993 106.820986243 76175
-6.16774305743 106.821068193 76181
-6.16801844098 106.821154738 76187
-6.16841670076 106.821285105 76193
-6.16892741498 106.821396487 76199
-6.16945518158 106.821510083 76205
-6.16990620455 106.821622089 76211
-6.17040472367 106.82176483 76217
-6.17086258839 106.821965786 76223
-6.17122672629 106.822226856 76229
-6.17141886062 106.822472087 76235
-6.17135786183 106.822593986 76241
-6.17135786183 106.822593986 76247
-6.17128007707 106.82265611 76253
-6.17128007707 106.82265611 76259
-6.17128007707 106.82265611 76265
-6.17123324271 106.822653612 76271
-6.17123953811 106.822662725 76277
-6.17123953811 106.822662725 76283
-6.17123953811 106.822662725 76289
-6.17123953811 106.822662725 76295
-6.17123953811 106.822662725 76301
-6.17123953811 106.822662725 76307
-6.17123953811 106.822662725 76313
-6.17123953811 106.822662725 76319
-6.17123953811 106.822662725 76325
-6.17123953811 106.822662725 76331
-6.17123953811 106.822662725 76337
-6.17127653118 106.822731301 76343
-6.1712777033 106.822515672 76349
-6.17129476121 106.822239582 76355
-6.17130636392 106.82190481 76361
-6.17135998373 106.821598822 76367
-6.17168815625 106.82156113 76373
-6.17223831362 106.821703709 76379
-6.17276919451 106.821745209 76385
-6.17331418545 106.821662867 76391
-6.1739455604 106.821461269 76397
-6.17449667549 106.821277888 76403
-6.17498394619 106.821076984 76409
-6.17537808341 106.820774851 76415
-6.17552192052 106.820651526 76421
-6.17551991378 106.820640272 76427
-6.17551991378 106.820640272 76433
-6.17551991378 106.820640272 76439
-6.17551991378 106.820640272 76445
-6.17551991378 106.820640272 76451
-6.17551991378 106.820640272 76457
-6.17557709463 106.820585598 76463
-6.17587480057 106.820406033 76469
-6.17632086596 106.820137776 76475
-6.17676317121 106.819853094 76481
-6.17720044962 106.819612991 76487
-6.17768485979 106.81931924 76493
-6.1781509758 106.819040056 76499
-6.17857148342 106.818811567 76505
-6.17893477655 106.818567283 76511
-6.17928630631 106.81834142 76517
-6.1794864703 106.818205863 76523
-6.17955926756 106.818133094 76529
-6.17955611365 106.818133792 76535
-6.17965346957 106.818095777 76541
-6.17991390119 106.817950385 76547
-6.18035440077 106.817748108 76553
-6.18082823905 106.817501488 76559
-6.18127202087 106.817218913 76565
-6.18176348612 106.816912848 76571
-6.18216297621 106.816678165 76577
-6.18247290793 106.816450088 76583
-6.18292179224 106.816216107 76589
-6.18338260289 106.81594679 76595
-6.18378494789 106.815627657 76601
-6.1842339523 106.815330975 76607
-6.18460831619 106.815104316 76613
-6.18472069129 106.814829981 76619
-6.18429104579 106.81452151 76625
-6.18378313884 106.814342353 76631
-6.18337797037 106.814184702 76637
-6.18308504272 106.814067583 76643
-6.18284154451 106.813973055 76649
-6.18268978135 106.813930179 76655
-6.18269095456 106.813911766 76661
-6.18264502907 106.8137648 76667
-6.18264118917 106.813511842 76673
-6.18285699671 106.813205276 76679
-6.18315488163 106.812814828 76685
-6.18355167704 106.81234581 76691
-6.18397655986 106.811876302 76697
-6.18436904419 106.81139927 76703
-6.18480007447 106.810837789 76709
-6.18524170259 106.810257841 76715
-6.18569064084 106.809660396 76721
-6.18608557699 106.809107082 76727
-6.1864021692 106.808650829 76733
-6.18669230564 106.808225599 76739
-6.18702419554 106.807825236 76745
-6.1873958387 106.807446985 76751
-6.18786955102 106.807120467 76757
-6.18835829328 106.806961344 76763
-6.18876808395 106.806893129 76769
-6.18906288602 106.806782242 76775
-6.18916326604 106.806500109 76781
-6.18915714014 106.805885887 76787
-6.18918081847 106.805305143 76793
-6.18920196929 106.804713784 76799
-6.18923548413 106.804111398 76805
-6.18928472381 106.803471577 76811
-6.1893197199 106.802815488 76817
-6.18935979513 106.802171226 76823
-6.18941480241 106.801680405 76829
-6.18948675638 106.801324538 76835
-6.18949923856 106.800939412 76841
-6.18948056049 106.800409557 76847
-6.18950109816 106.799775051 76853
-6.18953253947 106.799204079 76859
-6.18958524791 106.798499396 76865
-6.18961393143 106.797795572 76871
-6.18963520933 106.797191523 76877
-6.18968113663 106.796568637 76883
-6.18971916944 106.795899743 76889
-6.18975557467 106.795261975 76895
-6.18978632198 106.794757813 76901
-6.18983375056 106.794355394 76907
-6.18988046355 106.794080654 76913
-6.18999809656 106.793921807 76919
-6.19029269801 106.793734733 76925
-6.19057950877 106.793446918 76931
-6.19065871068 106.793131804 76937
-6.19069279291 106.792883678 76943
-6.1909059812 106.792780205 76949
-6.19119215686 106.792661218 76955
-6.19145236207 106.792569863 76961
-6.19159717291 106.792525931 76967
-6.19168616342 106.792499356 76973
-6.19189478591 106.792446312 76979
-6.19219030866 106.792365483 76985
-6.19251773634 106.792295723 76991
-6.19282296301 106.792307975 76997
-6.19310271911 106.792364281 77003
-6.19338767998 106.792408451 77009
-6.19366886801 106.792414945 77015
-6.19385192639 106.792392223 77021
-6.19402126682 106.792351517 77027
-6.19416846359 106.792345794 77033
-6.19431090197 106.792382495 77039
-6.19446394188 106.79260448 77045
-6.19462334094 106.792830223 77051
-6.19476925998 106.793041194 77057
-6.19490869521 106.793272101 77063
-6.19496293686 106.793401348 77069
-6.19501361159 106.793516596 77075
-6.19507249546 106.793628072 77080
-6.19515727728 106.793651303 77086
-6.19522614613 106.793650163 77092
-6.19529662054 106.793641855 77098
-6.19543856562 106.793613426 77104
-6.19553058591 106.793579037 77110
-6.1957299648 106.793521565 77116
-6.19586454952 106.79347987 77122
-6.19611967608 106.793401442 77128
-6.19635266837 106.793334323 77134
-6.19644663282 106.793304843 77140
-6.19666557647 106.793224182 77146
-6.19686906681 106.793128761 77152
-6.19711966682 106.79296023 77158
-6.19734597231 106.792905026 77164
-6.19747265078 106.792954484 77170
-6.19751506081 106.7929731 77176
-6.1976348966 106.793022148 77182
-6.19786667186 106.793070657 77188
-6.19800912854 106.793115153 77194
-6.19822641883 106.793201446 77200
-6.19846061224 106.793298746 77206
-6.1985793823 106.793355863 77212
-6.1986706088 106.793396416 77218
-6.19886033763 106.793476203 77224
-6.19899485185 106.793534935 77230
-6.199096704 106.79356745 77236
-6.19922450028 106.793611037 77242
-6.19934847886 106.793697048 77248
-6.19938925561 106.79375747 77254
-6.1994762381 106.793847314 77260
-6.19958189723 106.794012696 77266
-6.19962538089 106.794080337 77272
-6.19973125902 106.794102382 77278
-6.19995595085 106.794029038 77284
-6.20017769964 106.793819886 77290
-6.20036002845 106.793591572 77296
-6.20057695498 106.793479345 77302
-6.2007727106 106.793421561 77308
-6.20097090346 106.793351137 77314
-6.20113441812 106.793329777 77320
-6.20127099417 106.793330164 77326
-6.20151774976 106.793257078 77332
-6.20180147637 106.793194032 77338
-6.20210570331 106.7931484 77344
-6.20229196259 106.793061389 77350
-6.20247596366 106.792953371 77356
-6.20257612813 106.79289457 77362
-6.20268252533 106.792865823 77368
-6.202750602 106.792845163 77374
-6.20282991263 106.792838381 77380
-6.20298058995 106.792847813 77386
-6.20333075779 106.792846794 77392
-6.20366873211 106.792769787 77398
-6.20391786341 106.792865448 77404
-6.20411624014 106.792920919 77410
-6.20431222265 106.792949932 77416
-6.20455293204 106.792984827 77422
-6.20478938567 106.79291458 77428
-6.20503970744 106.792730666 77434
-6.20532324254 106.792655877 77440
-6.20553358123 106.792628331 77446
-6.20571884847 106.792634505 77452
-6.20600794662 106.792701231 77458
-6.20631832175 106.792759027 77464
-6.20663135551 106.792742786 77470
-6.20694262081 106.792639884 77476
-6.20727361581 106.792556177 77482
-6.20755188561 106.792566303 77488
-6.20771080913 106.79258984 77494
-6.20775438861 106.792591989 77500
-6.20781618745 106.792536652 77506
-6.20780326872 106.792373267 77512
-6.20775981805 106.792158899 77518
-6.20772277426 106.791926497 77524
-6.20768048013 106.791641267 77530
-6.2076418171 106.791433312 77536
-6.20762030873 106.791324582 77542
-6.20762030873 106.791324582 77548
-6.20761421853 106.791239354 77554
-6.20759440519 106.791101805 77560
-6.20758159405 106.791001195 77566
-6.20754868724 106.790776734 77572
-6.20754110183 106.790535511 77578
-6.20772532034 106.790245691 77584
-6.20789682965 106.790000876 77590
-6.20814943537 106.789731897 77596
-6.20841486839 106.789482097 77602
-6.20851514097 106.789247768 77608
-6.20851074685 106.788982318 77614
-6.20841946481 106.788736404 77620
-6.20823272628 106.788491889 77626
-6.20806909193 106.788323695 77632
-6.20784140839 106.788086178 77638
-6.20757191527 106.787870168 77644
-6.20723514031 106.787619504 77650
-6.20701386499 106.787228995 77656
-6.20696606164 106.786761641 77662
-6.2069269404 106.78637451 77668
-6.20690857584 106.786085679 77674
-6.20688507847 106.785746447 77680
-6.20685592828 106.785304374 77686
-6.20681913185 106.784833468 77692
-6.20678893384 106.784382371 77698
-6.20674758575 106.783977189 77704
-6.20672832704 106.783638344 77710
