1.34109847092 103.706473264 70403
1.3407210112 103.70655845 70409
1.3407210112 103.70655845 70415
1.34075970624 103.70658823 70421
1.34077546802 103.706646249 70427
1.34079256009 103.706683873 70433
1.34076385812 103.706687325 70439
1.34078222139 103.706720233 70445
1.34082420781 103.706986686 70451
1.34046947057 103.707183541 70457
1.34005778903 103.707410753 70463
1.3398783966 103.707523375 70469
1.3398783966 103.707523375 70475
1.3398783966 103.707523375 70481
1.3398783966 103.707523375 70487
1.3398783966 103.707523375 70493
1.33986456103 103.707510564 70499
1.33986529659 103.707509995 70505
1.3398734318 103.707500879 70511
1.33987395387 103.707500853 70517
1.33987405462 103.707499585 70523
1.33988669462 103.70750084 70529
1.33983504878 103.707572784 70535
1.33989943608 103.707736416 70541
1.34012025806 103.708177824 70547
1.34027118663 103.708592352 70553
1.34034629176 103.708771766 70559
1.3403413327 103.708791748 70565
1.3403413327 103.708791748 70571
1.3403413327 103.708791748 70577
1.3403413327 103.708791748 70583
1.3403413327 103.708791748 70589
1.3403413327 103.708791748 70595
1.3403413327 103.708791748 70601
1.3403413327 103.708791748 70607
1.3403413327 103.708791748 70613
1.3403413327 103.708791748 70619
1.34033339542 103.708824879 70625
1.34044424939 103.709098822 70631
1.3406095619 103.709545894 70637
1.34081583804 103.710092606 70643
1.34101418622 103.710659442 70649
1.3412317569 103.711256092 70655
1.34142500059 103.7117606 70661
1.34158637488 103.712111824 70667
1.34161520443 103.712156167 70673
1.34161520443 103.712156167 70679
1.341642379 103.712207033 70685
1.3416999811 103.712419188 70691
1.34184308217 103.712795819 70697
1.34206868051 103.713320033 70703
1.34229449008 103.713882987 70709
1.34243069997 103.71411242 70716
1.34243069997 103.71411242 70722
1.34243069997 103.71411242 70728
1.34242383409 103.714293533 70734
1.34244061869 103.714406815 70740
1.34243866537 103.71445269 70746
1.34256448822 103.714761899 70752
1.34275556437 103.715239919 70758
1.34288138877 103.715562183 70764
1.34288552069 103.715574979 70770
1.34288552069 103.715574979 70776
1.3429402804 103.715732663 70782
1.34282324291 103.715952199 70788
1.34242416385 103.715951942 70794
1.34211277759 103.715950247 70800
1.34211277759 103.715950247 70806
1.34207951507 103.7159676 70812
1.34185533223 103.71596835 70818
1.34137996495 103.715957195 70824
1.3407762983 103.716038944 70830
1.34045825112 103.716124876 70836
1.34045825112 103.716124876 70842
1.34045825112 103.716124876 70848
1.34045825112 103.716124876 70854
1.34045825112 103.716124876 70860
1.34040155146 103.716149365 70866
1.34013800162 103.716234351 70872
1.34011556271 103.716238863 70878
1.34011556271 103.716238863 70884
1.34000268258 103.716261153 70890
1.33965153877 103.716411207 70896
1.33915277547 103.716642635 70902
1.33857583056 103.716914519 70908
1.33799995844 103.717220251 70914
1.33766589375 103.717430474 70920
1.33759104647 103.717514537 70926
1.33760382559 103.717763431 70932
1.33780630966 103.71810116 70938
1.33790683061 103.718220551 70944
1.33790683061 103.718220551 70950
1.33790683061 103.718220551 70956
1.33799426429 103.718285798 70962
1.33803144767 103.718318339 70968
1.33806562471 103.718369456 70974
1.33810265002 103.718423191 70980
1.33814144394 103.718465241 70986
1.33819371123 103.718496511 70992
1.33822877266 103.71854657 70998
1.3382687343 103.718598055 71004
1.33830651248 103.718651332 71010
1.33834301778 103.718703303 71016
1.33839577024 103.71873938 71022
1.33845596576 103.718750273 71028
1.33851126089 103.718722093 71034
1.33856535486 103.718688083 71040
1.33861170828 103.718656486 71046
1.33863380772 103.718607616 71052
1.33867047805 103.718578021 71058
1.33873484319 103.71856623 71064
1.33879172732 103.718544776 71070
1.33880485136 103.718537313 71076
1.3388579002 103.718604572 71082
1.3388579002 103.718604572 71088
1.33891364668 103.71866018 71094
1.33896440289 103.718729495 71100
1.33897397144 103.718812369 71106
1.33901888533 103.71886561 71112
1.33906994562 103.718895955 71119
1.33909366433 103.718905058 71125
1.33909366433 103.718905058 71131
1.33914465053 103.718987768 71137
1.33916354879 103.719173944 71143
1.33918515982 103.719175474 71149
1.33920842024 103.719253528 71155
1.33928629497 103.719244399 71161
