1.33889794108 103.710277426 36719
1.33885924037 103.710305828 36725
1.33889654658 103.7102735 36731
1.33891654725 103.710241753 36737
1.33890395732 103.710222132 36743
1.33890485318 103.710226819 36749
1.33890485318 103.710226819 36755
1.33891505145 103.710195304 36761
1.33891410982 103.710195277 36767
1.33891796472 103.710195407 36773
1.33891899345 103.710196801 36779
1.33891940372 103.710200131 36785
1.33891931145 103.710201574 36791
1.33891620612 103.710201748 36797
1.33891467971 103.710204577 36803
1.33896212309 103.710205502 36809
1.3390469603 103.710224372 36815
1.33915588901 103.71021527 36821
1.33925517114 103.710201133 36827
1.33934353933 103.710180339 36833
1.339413411 103.710163551 36839
1.33946128461 103.710164462 36845
1.33949885662 103.710154683 36851
1.33955493896 103.710120736 36857
1.33955609333 103.71000003 36863
1.33953686226 103.709900552 36869
1.33949803225 103.709847849 36875
1.33928192362 103.709806484 36881
1.33879924149 103.709859032 36887
1.3382627732 103.709851167 36893
1.33770762288 103.709784923 36899
1.33711351106 103.709665166 36905
1.3365682683 103.709537361 36911
1.33599812701 103.709394646 36917
1.33530271928 103.709222218 36923
1.3345748728 103.709039627 36929
1.33383735027 103.708859128 36935
1.33310662115 103.708676013 36941
1.33239985521 103.708496646 36947
1.33168512721 103.708338005 36953
1.33100299634 103.708258035 36959
1.33033049257 103.708223455 36965
1.32970810637 103.708252715 36971
1.3292216638 103.708315934 36977
1.32890663505 103.708368852 36983
1.32870450018 103.708415844 36989
1.32856482698 103.70845326 36995
1.32855480298 103.708456684 37001
1.32855480298 103.708456684 37007
1.32855480298 103.708456684 37013
1.32854920828 103.708449407 37019
1.32854752852 103.708446843 37025
1.32841667701 103.708480859 37031
1.32820950711 103.70847661 37037
1.32807554139 103.7082564 37043
1.32796214859 103.70774033 37049
1.32780261643 103.707121364 37055
1.32767264197 103.70652149 37061
1.32765327122 103.705945189 37067
1.32768021317 103.705464646 37073
1.32768599195 103.705175001 37079
1.32768777963 103.704891325 37085
1.32765881725 103.704514312 37091
1.32765147971 103.704187503 37097
1.32767335928 103.704025649 37103
1.32767127496 103.703937674 37109
1.32767832351 103.703921799 37115
1.32767832351 103.703921799 37121
1.32768841687 103.703696758 37127
1.32768611594 103.703314608 37133
1.32772479417 103.703047402 37139
1.32774475256 103.702780491 37145
1.32775368488 103.702381753 37151
1.32774303051 103.701897477 37157
1.32772704093 103.701434325 37163
1.32772009235 103.700998838 37169
1.32771471852 103.700521548 37175
1.32771291392 103.699893996 37181
1.32771959858 103.69931405 37187
1.32771902944 103.698872335 37193
1.32773312415 103.698418158 37199
1.32774528074 103.697978663 37205
1.32774322316 103.697507488 37211
1.32774815048 103.697100524 37217
1.32774798426 103.697021395 37223
1.32774798426 103.697021395 37229
1.32774798426 103.697021395 37235
1.32774798426 103.697021395 37241
1.32773826816 103.696978631 37247
1.32774226392 103.696724041 37253
1.32780037443 103.69648967 37259
1.32798884353 103.696372309 37265
1.32845716475 103.696405235 37271
1.32909240657 103.696425609 37277
1.32971827295 103.696423966 37283
1.33032587848 103.696427058 37289
1.33094888073 103.696414193 37295
1.33153164763 103.696407269 37301
1.33206763186 103.696416809 37307
1.33260973049 103.696415673 37313
1.33310919825 103.696405617 37319
1.33354844376 103.696417066 37325
1.3340201737 103.696448456 37331
1.33450226803 103.696447072 37337
1.33483222137 103.696475516 37343
1.33492528515 103.696751515 37349
1.33493197559 103.697217097 37355
1.33492878931 103.697777847 37361
1.3349235149 103.69835342 37367
1.33493435597 103.698869768 37373
1.33493729928 103.699452704 37379
1.3349301483 103.70003854 37385
1.33493489229 103.700623391 37391
1.33494868109 103.701221393 37397
1.33493398199 103.701804778 37403
1.33493120646 103.702367711 37409
1.33493287448 103.702881885 37415
1.33493954705 103.703353436 37421
1.33493342211 103.703805347 37427
1.33494055705 103.704271838 37433
1.33497225428 103.7047439 37439
1.33514084812 103.705237154 37445
1.33542931413 103.705629492 37451
1.33579528189 103.705870656 37457
1.33623407575 103.706072498 37463
1.33668813107 103.706253741 37469
1.33718277282 103.706412259 37475
1.33770733503 103.706621903 37481
1.33822152585 103.706801093 37487
1.33864762933 103.706951565 37493
1.33889775774 103.707051615 37499
1.33902205908 103.707102544 37505
1.33904854172 103.707110851 37511
1.33907660337 103.707141228 37517
1.33912321238 103.707169544 37523
1.33912321238 103.707169544 37529
1.33912321238 103.707169544 37535
1.33912321238 103.707169544 37541
1.33912321238 103.707169544 37547
1.33912321238 103.707169544 37553
1.33912321238 103.707169544 37559
1.33912321238 103.707169544 37565
1.33905767749 103.707125986 37571
1.33926434905 103.7072487 37577
1.33957311129 103.707488925 37583
1.33984570323 103.707820766 37589
1.34005992305 103.708218658 37595
1.34018862654 103.708558116 37601
1.34032344819 103.708932883 37607
1.34044454629 103.709259625 37613
1.34046153988 103.709500573 37619
1.34026562406 103.709660988 37625
1.33988677693 103.709789218 37631
1.33944043697 103.709864723 37637
1.33891443033 103.709889217 37643
1.33838828564 103.70988659 37649
1.33784139685 103.709834412 37655
1.33725875757 103.709715274 37661
1.33669808942 103.709560527 37667
1.33612539981 103.709418026 37673
1.33549125296 103.709259285 37679
1.33470144346 103.709085437 37687
1.3341066007 103.708944374 37693
1.33347803348 103.70878814 37699
1.33284046678 103.708612341 37705
1.33222181167 103.708446006 37711
1.33165731193 103.708317359 37717
1.33110886777 103.708243497 37723
1.33055621198 103.708221503 37729
1.3299556384 103.708248367 37735
1.32944989523 103.708287651 37741
1.32905410219 103.708318963 37747
1.32879280856 103.708377279 37753
1.3286385286 103.708412343 37759
1.3284803826 103.708456054 37765
1.32846971421 103.708458905 37771
1.32846971421 103.708458905 37777
1.32843262572 103.7084693 37783
1.32828817743 103.708500559 37789
1.32812306994 103.708423423 37795
1.32805569385 103.708207418 37800
1.32794742016 103.707749217 37806
1.32780507841 103.707186869 37812
1.32766407973 103.70657695 37818
1.32764274632 103.70602109 37824
1.32766675657 103.70557804 37830
1.32769230898 103.705143427 37836
1.3276943459 103.704636315 37842
1.32769235973 103.704164863 37848
1.32770619623 103.703892071 37854
1.32771672858 103.703889755 37860
1.32771672858 103.703889755 37866
1.32771672858 103.703889755 37872
1.32771672858 103.703889755 37878
1.32770908416 103.703768718 37884
1.32769748979 103.703392499 37890
1.32769486137 103.70292442 37896
1.32769393296 103.70242633 37902
1.32766734343 103.701909388 37908
1.32767745446 103.701299498 37914
1.32767422289 103.700672811 37920
1.32770166149 103.700076036 37926
1.32771466132 103.69958393 37932
1.32771022594 103.699120871 37938
1.32767519291 103.698698476 37944
1.32768030188 103.69826891 37950
1.32768833381 103.697772321 37956
1.32770633709 103.69722902 37962
1.32772564057 103.69683644 37968
1.32773207518 103.696686418 37974
1.32773207518 103.696686418 37980
1.32773207518 103.696686418 37986
1.32773207518 103.696686418 37992
1.32772110622 103.696681708 37998
1.32773863952 103.696539421 38004
1.32789939195 103.696389674 38010
1.3283318571 103.696397348 38016
1.32894149062 103.696444646 38022
1.32963201104 103.696478394 38028
1.33026597448 103.696483414 38033
1.33081835389 103.696490392 38039
1.33129489788 103.696512602 38045
1.33159916816 103.696527832 38051
1.33176515805 103.696544993 38057
1.33177467226 103.696544456 38063
1.33177467226 103.696544456 38069
1.33177467226 103.696544456 38075
1.33177467226 103.696544456 38081
1.33177467226 103.696544456 38087
1.33177467226 103.696544456 38093
1.33177467226 103.696544456 38099
1.33177467226 103.696544456 38105
1.33188296855 103.696525191 38111
1.33224074503 103.696518967 38117
1.33274316633 103.696514658 38123
1.33326399236 103.696510754 38129
1.33382421983 103.69650458 38135
1.33435760962 103.696499632 38141
1.33470821354 103.696487407 38147
1.33491428071 103.69656511 38153
1.33497323266 103.696868241 38159
1.33495503723 103.697333877 38165
1.3349500877 103.697810718 38171
1.33495266522 103.698276097 38177
1.33494938623 103.698471729 38183
1.33494938623 103.698471729 38189
1.33494938623 103.698471729 38195
1.33494938623 103.698471729 38201
1.33496672743 103.698651744 38207
1.33495798192 103.69905395 38213
1.3349538893 103.699530156 38219
1.33495587131 103.700040365 38225
1.33493862652 103.700510221 38231
1.33493394912 103.700982229 38237
1.33493461858 103.701482944 38243
1.33491248308 103.702075699 38249
1.3349154163 103.702713288 38255
1.33493489904 103.703422176 38261
1.33493097041 103.704105994 38267
1.33497091789 103.704778285 38273
1.33518966663 103.705367493 38279
1.33558001172 103.705780895 38285
1.33595504278 103.705987829 38291
1.33615803761 103.706067476 38297
1.33619534358 103.706082616 38303
1.33619534358 103.706082616 38309
1.33619534358 103.706082616 38315
1.33619534358 103.706082616 38321
1.33619534358 103.706082616 38327
1.33619534358 103.706082616 38333
1.33621818243 103.706106372 38339
1.33644267711 103.706193918 38345
1.33688540668 103.706365902 38351
1.33737926395 103.706551974 38357
1.33789749381 103.706725819 38363
1.33844210709 103.70691543 38369
1.33898098234 103.707098319 38375
1.33936445014 103.707298535 38381
1.33952558292 103.707423905 38387
1.33954795313 103.707456816 38393
1.33954795313 103.707456816 38399
1.33954795313 103.707456816 38405
1.33954795313 103.707456816 38411
1.33954795313 103.707456816 38417
1.33954795313 103.707456816 38423
1.33954795313 103.707456816 38429
1.33954795313 103.707456816 38435
1.33954795313 103.707456816 38441
1.33954795313 103.707456816 38447
1.33954795313 103.707456816 38453
1.33955876783 103.707494722 38459
1.33972493792 103.707669743 38465
1.33996114624 103.708027626 38471
1.34012026128 103.708368945 38477
1.34016517666 103.708501621 38483
1.34016517666 103.708501621 38489
1.34016517666 103.708501621 38495
1.34016517666 103.708501621 38501
1.3402445581 103.70870349 38507
1.34036839947 103.709023778 38513
1.34047204133 103.709318036 38519
1.34043263471 103.709559012 38525
1.34016769473 103.709691759 38531
1.33972551715 103.709787891 38537
1.33917553793 103.709855098 38543
1.33855761279 103.709851854 38549
1.33794292471 103.709788322 38555
1.33732997589 103.709679169 38561
1.33677732532 103.709548521 38567
1.33625613959 103.709418915 38573
1.33567064361 103.709275158 38579
1.33506367934 103.709128693 38585
1.33441449796 103.708988123 38591
1.33378139518 103.708839055 38597
1.3331375104 103.708674808 38603
1.33248839076 103.708498808 38609
1.33184611329 103.708337428 38615
1.33125138688 103.708252742 38621
1.33067705228 103.708222906 38627
1.3300000615 103.708256432 38633
1.32936706717 103.708304473 38639
1.3288470743 103.70836966 38645
1.32854271317 103.708429484 38651
1.32846300646 103.708451528 38657
1.32846300646 103.708451528 38663
1.32846300646 103.708451528 38669
1.32837053064 103.7084772 38675
1.32817827689 103.70845548 38681
1.32804736262 103.708198459 38687
1.32795239913 103.707745323 38693
1.32782255092 103.707158312 38699
1.32772269197 103.7065966 38705
1.32771487737 103.706023783 38711
1.32773063678 103.705443324 38717
1.3277403452 103.704901897 38723
1.32768820716 103.704312546 38729
1.32768322631 103.703799254 38735
1.32768542794 103.703340111 38741
1.32769671263 103.702961609 38747
1.32768961336 103.702709268 38753
1.32769044514 103.702701352 38759
1.32769044514 103.702701352 38765
1.32769044514 103.702701352 38771
1.32769044514 103.702701352 38777
1.32769044514 103.702701352 38783
1.32769044514 103.702701352 38789
1.32769044514 103.702701352 38795
1.32768100149 103.702681325 38801
1.32768745598 103.702446018 38807
1.32769312403 103.701934789 38813
1.3276954829 103.70125775 38819
1.32769476974 103.700613048 38825
1.32769836676 103.699971532 38831
1.32769910822 103.699455834 38837
1.32770747952 103.699099001 38843
1.32771043274 103.698904524 38849
1.32771043274 103.698904524 38855
1.32771043274 103.698904524 38861
1.32771043274 103.698904524 38867
1.32771043274 103.698904524 38873
1.32771043274 103.698904524 38879
1.32771043274 103.698904524 38885
1.32771043274 103.698904524 38891
1.32771043274 103.698904524 38897
1.32771043274 103.698904524 38903
1.32771043274 103.698904524 38909
1.32771043274 103.698904524 38914
1.32771043274 103.698904524 38920
1.32771043274 103.698904524 38926
1.32771043274 103.698904524 38932
1.32769592031 103.698803482 38938
1.32770016467 103.698507503 38944
1.32773020076 103.698026489 38950
1.32772782953 103.697558013 38956
1.3277289196 103.697285414 38962
1.32772981559 103.697230778 38969
1.32772981559 103.697230778 38975
1.32772981559 103.697230778 38981
1.3277583417 103.69715945 38989
1.32776325296 103.696888757 38995
1.32776042651 103.696819871 39001
1.32776042651 103.696819871 39007
1.32776042651 103.696819871 39013
1.32776042651 103.696819871 39019
1.32776042651 103.696819871 39025
1.32776042651 103.696819871 39031
1.32776042651 103.696819871 39037
1.32776042651 103.696819871 39043
1.32776042651 103.696819871 39049
1.32776042651 103.696819871 39055
1.32776042651 103.696819871 39061
1.32776042651 103.696819871 39067
1.32776042651 103.696819871 39073
1.32776042651 103.696819871 39079
1.32776042651 103.696819871 39085
1.32776042651 103.696819871 39091
1.32773039309 103.696722051 39097
1.32774384674 103.696512538 39103
1.32798634327 103.696400991 39109
1.32838106052 103.696403196 39115
1.3288509581 103.696396809 39121
1.32921983606 103.696394546 39127
1.32939278423 103.696385501 39133
1.32939278423 103.696385501 39139
1.32939278423 103.696385501 39145
1.32939278423 103.696385501 39151
1.32939278423 103.696385501 39157
1.32939278423 103.696385501 39163
1.32939278423 103.696385501 39169
1.32939278423 103.696385501 39175
1.32939278423 103.696385501 39181
1.32943254927 103.696407027 39187
1.32962652715 103.696439899 39193
1.33014786669 103.696458821 39199
1.33076410434 103.69644147 39205
1.33132516594 103.696457377 39211
1.33172687027 103.696464445 39217
1.33190927778 103.696417733 39224
1.33260760678 103.696420647 39273
1.33313623826 103.696498019 39279
1.33360232182 103.69651456 39285
1.33392021536 103.696521589 39291
1.3340613618 103.696513323 39297
1.3340613618 103.696513323 39303
1.33409772361 103.696500466 39309
1.33412614471 103.696508739 39315
1.33424220409 103.696520994 39321
1.33432169446 103.696538236 39327
1.33432169446 103.696538236 39333
1.33432169446 103.696538236 39339
1.3343440565 103.696530979 39345
1.33451311047 103.696512446 39351
1.33474386816 103.69650008 39357
1.33492711952 103.696609543 39363
1.33494861572 103.696982054 39369
1.3349485997 103.697435817 39375
1.33493878933 103.697879588 39381
1.3349023926 103.698378058 39387
1.33490058113 103.698902697 39393
1.33490705846 103.699499029 39399
1.33491519019 103.700103179 39405
1.33494446553 103.700674399 39411
1.33494687566 103.70120739 39417
1.33494061844 103.701811616 39423
1.33493121033 103.702466463 39429
1.33493005293 103.703120447 39435
1.3349246757 103.703762623 39441
1.33493355462 103.704404024 39447
1.33507601211 103.705063698 39453
1.33538998308 103.705552529 39459
1.33578407927 103.705848325 39465
1.33616260178 103.706004968 39471
1.33662565433 103.706189756 39477
1.33722674193 103.706459771 39483
1.33782593933 103.706688117 39489
1.33840310236 103.70687542 39495
1.33890088855 103.70704929 39501
1.33923282283 103.707218227 39507
1.33936758725 103.707325084 39513
1.33936758725 103.707325084 39519
1.33936758725 103.707325084 39525
1.33936758725 103.707325084 39531
1.33936758725 103.707325084 39537
1.33936758725 103.707325084 39543
1.33936758725 103.707325084 39549
1.33936758725 103.707325084 39555
1.33936758725 103.707325084 39561
1.33936758725 103.707325084 39567
1.33936758725 103.707325084 39574
1.33936758725 103.707325084 39580
1.33940726963 103.707357829 39586
1.33959887236 103.707530291 39592
1.3398608904 103.707878834 39598
