-6.18447323015 106.82288575 69865
-6.18447920778 106.822915314 69871
-6.18447920778 106.822915314 69877
-6.18447920778 106.822915314 69883
-6.18447920778 106.822915314 69889
-6.1844541039 106.822936929 69895
-6.18445396528 106.822941633 69901
-6.18445719072 106.822945892 69907
-6.18446008272 106.822947349 69913
-6.18446211922 106.822946602 69919
-6.18428527846 106.822934193 69925
-6.18379052071 106.822907881 69931
-6.1833319078 106.822894892 69937
-6.18282225534 106.822883543 69943
-6.18225908963 106.822868283 69949
-6.1817433225 106.822841104 69955
-6.18118823279 106.822804316 69961
-6.18089551428 106.822726018 69967
-6.18073193605 106.822650255 69973
-6.18057408274 106.822604943 69979
-6.18042245037 106.822612377 69985
-6.18006861567 106.822632555 69991
-6.17957640979 106.822646125 69997
-6.17904381189 106.8226602 70003
-6.17841170917 106.822688165 70009
-6.17782446448 106.822706244 70015
-6.17722621407 106.822717011 70021
-6.17659160778 106.822747926 70027
-6.17585824146 106.82277066 70033
-6.17510288833 106.822790603 70039
-6.17463284339 106.822808405 70045
-6.17401483734 106.822818542 70051
-6.17324255809 106.822829977 70057
-6.17244735204 106.82285558 70063
-6.17195275985 106.822867937 70069
-6.17189303427 106.822857173 70075
-6.17189303427 106.822857173 70081
-6.17189303427 106.822857173 70087
-6.17189303427 106.822857173 70093
-6.17181243294 106.822831671 70099
-6.17160016127 106.822786009 70105
-6.17132981143 106.822619127 70111
-6.17117117291 106.822282749 70117
-6.17111107593 106.821856886 70123
-6.17092306629 106.821605464 70129
-6.17055797832 106.821437967 70135
-6.17006213233 106.821327605 70141
-6.1695152359 106.821208218 70147
-6.16898329757 106.821104481 70153
-6.1685600183 106.821031684 70159
-6.16838802719 106.820996539 70165
-6.16838802719 106.820996539 70171
-6.16838802719 106.820996539 70177
-6.16838802719 106.820996539 70183
-6.16838802719 106.820996539 70189
-6.16838802719 106.820996539 70195
-6.16838802719 106.820996539 70201
-6.16838802719 106.820996539 70207
-6.16838802719 106.820996539 70213
-6.16838802719 106.820996539 70219
-6.16838802719 106.820996539 70225
-6.16838802719 106.820996539 70231
-6.16838802719 106.820996539 70237
-6.16838802719 106.820996539 70243
-6.16838802719 106.820996539 70249
-6.16838802719 106.820996539 70255
-6.16838802719 106.820996539 70261
-6.16838802719 106.820996539 70267
-6.16838802719 106.820996539 70273
-6.16828498442 106.820968269 70279
-6.16805364593 106.820917679 70285
-6.16778166607 106.820883126 70291
-6.16752562637 106.820914398 70297
-6.16732141732 106.821029235 70303
-6.16726597251 106.821312068 70309
-6.16729038252 106.821703633 70315
-6.16729211743 106.822056788 70321
-6.16726832929 106.822355213 70327
-6.16723468223 106.822665964 70333
-6.16721045034 106.822853308 70339
-6.16719048878 106.823065995 70345
-6.16713430144 106.82337036 70351
-6.16703264855 106.823611701 70357
-6.16688337516 106.823642113 70363
-6.16675697258 106.823619106 70369
-6.16658646395 106.823611149 70375
-6.16638087579 106.823601641 70381
-6.16630223743 106.823596246 70387
-6.16630223743 106.823596246 70393
-6.16628357386 106.823583231 70399
-6.16627642541 106.823582458 70405
-6.16619168937 106.823579585 70411
-6.16606059361 106.823576115 70417
-6.16589190901 106.8235652 70423
-6.16570190021 106.823556545 70429
-6.16545941194 106.823549457 70435
-6.16520243902 106.823523686 70441
-6.16489930888 106.82348977 70447
-6.1646018983 106.823469098 70453
-6.16428932156 106.823445785 70459
-6.16397982056 106.823425163 70465
-6.16371123016 106.82338949 70471
-6.16345311174 106.823346453 70477
-6.16332058667 106.823444723 70483
-6.16327127295 106.823752799 70489
-6.16321994881 106.824118857 70495
-6.16318730469 106.824395048 70501
-6.16317061664 106.824514369 70507
-6.16317061664 106.824514369 70513
-6.16317061664 106.824514369 70519
-6.16317061664 106.824514369 70525
-6.16317061664 106.824514369 70531
-6.16316521861 106.824578159 70537
-6.16316521861 106.824578159 70543
-6.16316521861 106.824578159 70549
-6.16315450505 106.824646133 70555
-6.16314142043 106.824698283 70561
-6.16312538454 106.824836471 70567
-6.16311836254 106.824889194 70573
-6.16309347269 106.825022286 70579
-6.16309008737 106.825039875 70586
-6.16306091264 106.825198843 70592
-6.16305006179 106.825247654 70598
-6.16303804997 106.825333327 70604
-6.16303667169 106.825343658 70610
-6.16303667169 106.825343658 70616
-6.16303667169 106.825343658 70622
-6.16303667169 106.825343658 70628
-6.16303667169 106.825343658 70634
-6.16303667169 106.825343658 70640
-6.16302932171 106.825343006 70646
-6.16305407846 106.825306062 70652
-6.16305599849 106.825297131 70658
