1.27717849187 103.670854153 43819
1.27768109006 103.671561779 43825
1.27819021221 103.672228431 43832
1.27871247981 103.672927811 43838
1.27920127862 103.673578926 43844
1.27954788955 103.674165054 43850
1.27927254912 103.674709199 43856
1.27864060747 103.675137817 43862
1.27793984289 103.675629658 43868
1.27724234091 103.676127115 43874
1.27662322396 103.67657441 43880
1.27625947249 103.676876965 43886
1.27598892105 103.677074318 43892
1.27584524317 103.677182579 43898
1.27580524476 103.677384468 43904
1.27603948009 103.677766354 43910
1.27642347396 103.678302292 43916
1.27686815952 103.678914248 43922
1.27730173501 103.679513327 43928
1.27761755085 103.679947221 43934
1.27770933047 103.680072652 43940
1.27776797452 103.680155162 43946
1.27783994873 103.680442313 43952
1.27747487469 103.68076036 43958
1.27688205383 103.681167588 43964
1.27618801942 103.681651638 43970
1.27543105214 103.682159342 43976
1.27465050256 103.682688597 43982
1.27386143305 103.683252276 43988
1.27304205095 103.683829655 43994
1.27221980191 103.684460162 44000
1.27142656283 103.685048212 44006
1.27067169443 103.685594547 44012
1.26989044012 103.686159555 44018
1.26910127487 103.686720223 44024
1.26827971393 103.687313495 44030
1.26743815026 103.687916398 44036
1.26673933983 103.688608451 44042
1.26641032204 103.689459616 44048
1.26640104097 103.690347026 44054
1.26645986544 103.691218391 44060
1.26651351964 103.692107548 44066
1.26656084218 103.693009699 44072
1.26651691723 103.693960375 44078
1.26611669913 103.694858411 44084
1.26558464948 103.695736078 44090
1.26541243742 103.696642106 44096
1.26551512822 103.697582271 44102
1.2656639519 103.698552903 44108
1.26583967244 103.699545679 44114
1.26600624656 103.70053125 44120
1.26617132446 103.701510523 44126
1.26658364773 103.702383758 44132
1.26737264463 103.70303051 44138
1.26808391237 103.703648719 44144
1.2685877848 103.70440691 44150
1.2690403576 103.705235137 44156
1.26948390498 103.706059371 44162
1.26989663093 103.706853829 44168
1.27038922073 103.707589387 44174
1.27111780305 103.708195656 44180
1.27197080476 103.70853757 44186
1.27283388446 103.708699665 44192
1.2736478803 103.708840105 44198
1.27444712362 103.708994749 44204
1.27522701011 103.709313599 44210
1.27588661989 103.709861073 44216
1.27632082626 103.710635473 44222
1.27663391791 103.711452753 44228
1.2769104512 103.712188286 44234
1.27712511656 103.712761459 44240
1.27722663939 103.713026341 44246
1.277348364 103.713341597 44252
1.27752295502 103.713841553 44258
1.27777473212 103.714478416 44264
1.27803771806 103.715191473 44270
1.27835835116 103.715926241 44276
1.27881176073 103.716661107 44282
1.2792915751 103.717309183 44288
1.27970609114 103.717740552 44294
1.27990890349 103.717927849 44300
1.27992578855 103.717937303 44306
1.27992578855 103.717937303 44312
1.27992578855 103.717937303 44318
1.27992578855 103.717937303 44324
1.28006565929 103.71809113 44330
1.28044855112 103.718409983 44336
1.28101216865 103.718809602 44342
1.28170324241 103.71924812 44348
1.2824750706 103.719612309 44354
1.28328806452 103.719930941 44360
1.28411233884 103.72017822 44365
1.28495446702 103.72031429 44371
1.28580103049 103.720440333 44377
1.28668975355 103.720521997 44383
1.28760708999 103.72044 44389
1.28846961167 103.720049017 44395
1.28917571794 103.719416842 44401
1.28971849224 103.71857303 44407
1.29001853195 103.717612222 44413
1.29022010868 103.716600773 44419
1.29038690439 103.715741085 44425
1.29056753694 103.714885452 44431
1.29072668306 103.714115847 44437
1.2909069201 103.713291399 44443
1.29114553949 103.712607947 44449
1.29157751308 103.71204794 44455
1.29232818873 103.711589344 44461
1.29325264832 103.711407873 44467
1.29410576628 103.711402241 44473
1.29484041896 103.711394156 44479
1.29553308251 103.711429645 44485
1.29622259503 103.711473623 44491
1.29692405231 103.711502788 44497
1.29762831058 103.711531216 44503
1.29846175692 103.711522177 44509
1.29934703996 103.711520432 44515
1.30028092357 103.711556577 44521
1.30122763575 103.711563792 44527
1.30217718327 103.711587432 44533
1.30315288276 103.711620825 44539
1.30411902104 103.711629565 44545
1.30508789914 103.711640802 44551
1.30598436616 103.711672377 44557
1.30680836791 103.71167701 44563
1.307517708 103.711563015 44569
1.30811323558 103.711273217 44575
1.30841875881 103.711056082 44581
1.30859985857 103.710921577 44587
1.30876627199 103.710790776 44593
1.30892944332 103.710549788 44599
1.30912796796 103.710430556 44605
1.30932355068 103.710295947 44611
1.30967038642 103.710126516 44617
1.30999944588 103.71009418 44623
1.31009738968 103.710071109 44629
1.31056955811 103.710048107 44635
1.31131547689 103.710059332 44641
1.3121767689 103.71002944 44647
1.3129888875 103.709947776 44653
1.31380939439 103.709830171 44659
1.31466317472 103.709710433 44665
1.31557523668 103.709638474 44671
1.3165059396 103.709695944 44677
1.31740944824 103.709844699 44683
1.31828794987 103.71008657 44689
1.3191073337 103.710310914 44695
1.31990525955 103.710480923 44701
1.32065466669 103.710392187 44707
1.32089679762 103.710321538 44713
