-6.20404226275 106.825039907 57603
-6.20440816227 106.824962447 57609
-6.20464575439 106.824754257 57615
-6.20461387748 106.824450115 57620
-6.20454848558 106.824164009 57626
-6.2044606192 106.823745961 57632
-6.20437812299 106.823352203 57638
-6.20425658741 106.823023177 57644
-6.20392030006 106.82299096 57650
-6.20362650128 106.823021826 57655
-6.20333097157 106.823017029 57661
-6.20324163727 106.822915217 57667
-6.2031422339 106.822711944 57673
-6.20312874466 106.822451728 57678
-6.2033560111 106.822202064 57684
-6.20374329376 106.822182727 57690
-6.20379411174 106.822266907 57696
-6.20375122004 106.822291944 57702
-6.20368316741 106.822328279 57708
-6.20367238533 106.822332476 57714
-6.20364534604 106.82234728 57719
-6.20364534604 106.82234728 57725
-6.20364534604 106.82234728 57731
-6.20364534604 106.82234728 57736
-6.20353699134 106.822360971 57805
-6.2035082942 106.822382593 57811
-6.20347259884 106.822393901 57817
-6.20347259884 106.822393901 57823
-6.20347259884 106.822393901 57829
-6.20343009027 106.822378149 57835
-6.20339788609 106.822378935 57841
-6.20339788609 106.822378935 57847
-6.20337508868 106.822380498 57853
-6.20337508868 106.822380498 57859
-6.20337508868 106.822380498 57865
-6.20337508868 106.822380498 57871
-6.20337508868 106.822380498 57877
-6.20333093124 106.822409569 57883
-6.20333093124 106.822409569 57889
-6.20333093124 106.822409569 57895
-6.20333093124 106.822409569 57901
-6.20333093124 106.822409569 57907
-6.20330308617 106.822447324 57913
-6.20330308617 106.822447324 57919
-6.20330308617 106.822447324 57925
-6.20330308617 106.822447324 57931
-6.20330308617 106.822447324 57937
-6.20325791955 106.822457305 57943
-6.20324990296 106.822459801 57949
-6.20320250114 106.822472912 57955
-6.20320250114 106.822472912 57961
-6.20320250114 106.822472912 57967
-6.20278918566 106.822700082 58188
-6.20275015414 106.822603748 58194
-6.20275668572 106.822612818 58200
-6.20277830493 106.8226359 58206
-6.20277595822 106.822638426 58213
-6.20277895692 106.822645821 58219
-6.20277895692 106.822645821 58225
-6.20274430631 106.822663116 58231
-6.20269059059 106.822681461 58237
-6.20266396267 106.822692288 58243
-6.2026436566 106.822701646 58249
-6.20258463206 106.822716695 58255
-6.20255224209 106.8227193 58261
-6.20255227682 106.822716517 58267
-6.20253959362 106.822718424 58273
-6.20250614799 106.822726269 58279
-6.20249356967 106.822726845 58285
-6.20248076189 106.822728577 58291
-6.20248317963 106.82272915 58297
-6.20247679645 106.822729064 58303
-6.2024709103 106.822729951 58309
-6.20244391478 106.82273788 58315
-6.20236221895 106.822751539 58321
-6.20233594988 106.822756848 58327
-6.20219653913 106.822802916 58333
-6.20204871891 106.822827047 58339
-6.20194997113 106.82284748 58345
-6.20192212574 106.822854393 58351
-6.20191367302 106.82285752 58357
-6.20185087281 106.822871548 58363
-6.20171564745 106.822902431 58369
-6.20162238857 106.822924066 58375
