-6.21344891473 106.786006735 43205
-6.21344118476 106.786154608 43211
-6.21344507924 106.786339447 43217
-6.21346071489 106.786433329 43223
-6.21347026458 106.7864603 43229
-6.21348404763 106.78646252 43235
-6.21348591752 106.786465862 43241
-6.2134935398 106.786474562 43247
-6.2135741971 106.78648107 43253
-6.2137079883 106.78643527 43259
-6.21389277771 106.786390935 43265
-6.21410759245 106.78636509 43271
-6.21432552559 106.786342805 43277
-6.21448143294 106.78605471 43283
-6.21455385186 106.785648408 43289
-6.21473599259 106.785512133 43295
-6.21496113915 106.785451775 43301
-6.2151705421 106.785440992 43307
-6.21538428784 106.785422423 43313
-6.21564495506 106.78547576 43319
-6.21595983897 106.785537257 43325
-6.21631903817 106.785578133 43331
-6.21676947982 106.785551235 43337
-6.21712269156 106.785531368 43343
-6.21743289832 106.78554378 43349
-6.21780000084 106.785552755 43355
-6.21799382881 106.785665119 43361
-6.21798161282 106.786034892 43367
-6.21795692116 106.786598322 43373
-6.21794860717 106.787067466 43379
-6.21807386369 106.787251011 43385
-6.21839965315 106.787254267 43391
-6.2186012991 106.787265865 43397
-6.21888145754 106.787281952 43403
-6.21932406597 106.78729945 43409
-6.21979944553 106.787330082 43415
-6.22008068694 106.787301122 43421
-6.22050636508 106.787258591 43427
-6.22099950457 106.787156052 43433
-6.22144846521 106.787048273 43439
-6.2216651366 106.787058362 43445
-6.22166817439 106.787066212 43451
-6.2217323252 106.787156686 43457
-6.22188494478 106.787529952 43463
-6.22208312874 106.788000254 43469
-6.22232324002 106.788498266 43475
-6.22262913503 106.789117092 43481
-6.22292854138 106.789705643 43487
-6.22326018945 106.790209613 43493
-6.22354364726 106.790659725 43499
-6.22358581087 106.791187939 43505
-6.22354087976 106.79180236 43511
-6.22349594047 106.792343714 43517
-6.22346142806 106.792796448 43523
-6.22342006295 106.79313836 43529
-6.22336806742 106.793433617 43535
-6.22330131034 106.793898436 43541
-6.22320070021 106.79460806 43547
-6.22298871584 106.794912861 43553
-6.2223512434 106.794889954 43559
-6.22164742322 106.794937168 43565
-6.22124212685 106.794989593 43571
-6.22073671254 106.795090687 43577
-6.21995404726 106.795207344 43583
-6.21924757056 106.79530945 43589
-6.21872753791 106.795431118 43595
-6.21861477061 106.795708956 43601
-6.21857221109 106.796188925 43607
-6.21854050029 106.796808586 43613
-6.21853831402 106.797227068 43619
-6.21851657244 106.797600627 43625
-6.2184664074 106.797956692 43631
-6.21838649338 106.798116493 43637
-6.21806981986 106.798226609 43643
-6.21746009016 106.798195782 43649
-6.21672265498 106.798185322 43655
-6.2160375657 106.798121846 43661
-6.21541560695 106.798025084 43667
-6.21511003315 106.798007315 43673
-6.21510054717 106.798008269 43679
-6.21513616255 106.798006306 43685
-6.21497300889 106.797971026 43691
-6.21480236887 106.797948873 43697
-6.21454272753 106.797998715 43703
-6.21435774627 106.798464294 43709
-6.21420992767 106.799124461 43715
-6.21407905769 106.799730731 43721
-6.21396635514 106.800339046 43727
-6.21380673221 106.801029014 43733
-6.21363989653 106.801706342 43739
-6.21346415402 106.80235836 43745
-6.21327507525 106.80306539 43751
-6.21308056115 106.803837119 43757
-6.21290432057 106.80465508 43763
-6.21272143923 106.805504294 43769
-6.21255725232 106.806242096 43775
-6.21247781679 106.806714297 43781
-6.21264692004 106.806917909 43787
-6.21278334551 106.806554337 43793
-6.21296073463 106.805723529 43799
-6.21313762588 106.804723954 43805
-6.21331204495 106.803834131 43811
-6.213463643 106.803174055 43817
-6.21361139659 106.80274149 43823
-6.21386052185 106.802635219 43829
-6.21414432329 106.802630739 43835
-6.21433465088 106.802612627 43841
-6.21418936065 106.802550718 43847
-6.214067096 106.802563128 43853
-6.214067096 106.802563128 43859
-6.21402998449 106.802554409 43865
-6.21402396748 106.802542554 43871
-6.21402020738 106.802438178 43877
-6.2140238387 106.802412685 43883
-6.21402772624 106.80234639 43889
-6.21405902671 106.802313956 43895
-6.21405902671 106.802313956 43901
-6.21409117676 106.802197544 43907
-6.21410445154 106.802162067 43913
-6.21412760696 106.802126005 43919
-6.21412760696 106.802126005 43925
-6.21412760696 106.802126005 43931
-6.21412760696 106.802126005 43937
-6.21412760696 106.802126005 43943
-6.21413803834 106.802032518 43949
-6.21413803834 106.802032518 43955
-6.21413803834 106.802032518 43961
-6.21413803834 106.802032518 43967
-6.21411399069 106.801971383 43973
-6.21411399069 106.801971383 43979
-6.21411399069 106.801971383 43985
-6.21411399069 106.801971383 43991
-6.21409157354 106.801945203 43997
-6.21411791428 106.801859868 44003
-6.21411992658 106.801847558 44009
-6.21411992658 106.801847558 44015
-6.21411992658 106.801847558 44021
-6.21409978275 106.801794782 44027
-6.21409978275 106.801794782 44033
-6.21409978275 106.801794782 44039
-6.21409978275 106.801794782 44045
-6.21406381487 106.801872818 44051
-6.21407049449 106.801982317 44057
-6.21400836954 106.802569078 44856
-6.21398589119 106.802585262 44861
-6.21398804691 106.802577844 44867
-6.21400466241 106.802570378 44873
-6.21400466241 106.802570378 44879
-6.21399776369 106.802541471 44885
-6.21387156191 106.802571685 44891
-6.21371740921 106.802588625 44897
-6.21358137378 106.80257439 44903
-6.21355443631 106.802436072 44909
-6.21365033429 106.802074445 44915
-6.21375397655 106.801443593 44921
-6.21390308416 106.80073256 44927
-6.21409591683 106.799962337 44933
-6.21426343205 106.799314064 44939
-6.2143775672 106.798867504 44945
-6.21448414811 106.798478094 44951
-6.2146038302 106.798145515 44957
-6.21490025018 106.798002388 44963
-6.21544935586 106.798060452 44969
-6.21605203876 106.798080216 44975
-6.21671722375 106.798138958 44981
-6.21752169699 106.798195531 44987
-6.21826898937 106.798226946 44993
-6.21887152961 106.798223365 44999
-6.21920786576 106.798202392 45005
-6.21929153778 106.798225885 45011
-6.21927469238 106.798234168 45017
-6.21927469238 106.798234168 45023
-6.21918385713 106.798250812 45029
-6.21918385713 106.798250812 45035
-6.21914747953 106.798263559 45041
-6.21914236118 106.798262805 45047
-6.21909521019 106.79825597 45053
-6.21906256297 106.798248412 45059
-6.21906034114 106.798226299 45065
-6.21905178971 106.798216851 45071
-6.21902038357 106.798202097 45077
-6.21903571449 106.798198103 45083
-6.21921274125 106.798207494 45089
-6.21940340348 106.798222239 45095
-6.21962229614 106.798225637 45101
-6.21973239522 106.798216648 45107
-6.21984605555 106.798208325 45113
-6.21988459039 106.798201522 45119
-6.21994952192 106.798193421 45125
-6.22004386213 106.798183463 45131
-6.2200569517 106.798173785 45137
-6.22005997822 106.798169713 45143
-6.22005800317 106.798171521 45149
-6.22005632667 106.798172864 45155
-6.22005566912 106.798173372 45161
-6.22005859302 106.798178892 45167
-6.22004897627 106.798184979 45173
-6.2200432049 106.798185403 45179
-6.22004422847 106.798186539 45185
-6.22003770487 106.79818853 45191
-6.22006095145 106.798191792 45197
-6.22005915114 106.7981844 45203
-6.22006565005 106.798178009 45209
-6.22007744257 106.79816605 45215
-6.22007806158 106.798164276 45221
-6.22008469388 106.798158421 45227
-6.22008233911 106.798157262 45233
-6.22007637396 106.798163365 45239
-6.22010272744 106.798151915 45245
-6.22019518473 106.798119412 45251
-6.22035808745 106.798117835 45257
-6.2206174246 106.798142101 45263
-6.22078794175 106.798170816 45269
-6.22085894043 106.79817986 45275
-6.22094249299 106.798182076 45281
-6.22107120167 106.798186164 45287
-6.22117693201 106.798189892 45293
-6.22124174579 106.798186154 45299
-6.22127281115 106.798189854 45305
-6.22137605011 106.798196924 45311
-6.22154465149 106.798199885 45317
-6.2218479428 106.798226259 45323
-6.22233864561 106.798291294 45329
-6.22292301491 106.798299856 45335
-6.22350449112 106.798356542 45341
-6.22412622721 106.798399496 45347
-6.22478288332 106.798413043 45353
-6.2254673029 106.798419715 45359
-6.22606124209 106.798409673 45365
-6.22649489966 106.798394211 45371
-6.22682347068 106.798331683 45377
-6.22700177967 106.798327715 45383
-6.22728777212 106.798368107 45389
-6.22777350156 106.798295803 45395
-6.22833099643 106.798312604 45401
-6.22876195714 106.798293047 45407
-6.22893588997 106.798249601 45413
-6.22902752881 106.798146551 45419
-6.22913358703 106.797971837 45425
-6.22917258633 106.7978573 45431
-6.22923632538 106.797756264 45437
-6.22931454998 106.79759712 45443
-6.22944453117 106.79753187 45449
-6.22963646482 106.797519711 45455
-6.23001181377 106.797537378 45461
-6.23044786866 106.797498374 45467
-6.23098472428 106.797527383 45473
-6.23140789427 106.797557774 45479
-6.23178443215 106.797585442 45485
-6.23219874731 106.797577391 45491
-6.23274027528 106.797605611 45497
-6.23316418928 106.797588172 45503
-6.23355899576 106.797600362 45509
-6.23397735696 106.797608079 45515
-6.23466152901 106.797369218 45528
-6.23521564549 106.797299359 45534
-6.23575460747 106.797271286 45540
-6.23628748391 106.797152674 45546
-6.2364367289 106.797060795 45552
-6.23644575079 106.797057981 45558
-6.23659299412 106.797087732 45564
-6.23695682218 106.797209739 45571
-6.23740536992 106.797334449 45577
-6.2379002287 106.797420014 45583
-6.23844675802 106.797432769 45589
-6.23906436052 106.797479027 45595
-6.23961790171 106.797541891 45601
-6.23994161583 106.797562193 45607
-6.24004118102 106.797670919 45613
-6.23998652729 106.797774435 45619
-6.23998652729 106.797774435 45625
-6.23998652729 106.797774435 45631
-6.23991828984 106.797804506 45637
-6.23991828984 106.797804506 45643
-6.23991828984 106.797804506 45649
-6.23991828984 106.797804506 45655
-6.23991828984 106.797804506 45661
-6.23991828984 106.797804506 45667
-6.23991828984 106.797804506 45673
-6.23991828984 106.797804506 45679
-6.23991828984 106.797804506 45685
-6.23988483017 106.797863049 45691
-6.23986114687 106.798007746 45697
-6.23987178084 106.798319837 45703
-6.24008036087 106.798529344 45709
-6.24038582544 106.798580847 45715
-6.24077767808 106.798614723 45721
-6.24127027159 106.798568431 45727
-6.24175037449 106.798543131 45733
-6.24202882904 106.798555244 45739
