-6.2659629352 107.168211856 64885
-6.2698440113 107.237046686 65185
-6.28867114706 107.285066434 65489
-6.29194559157 107.287662317 65508
-6.32754013572 107.327247704 65736
-6.33257751016 107.331129775 65764
-6.33777987398 107.335080576 65791
-6.34325984921 107.339118951 65820
-6.34949386433 107.345027819 65857
-6.35381335699 107.350554248 65886
-6.35703145741 107.355146541 65911
-6.37539271727 107.389160403 66085
-6.3913385 107.426466325 66257
-6.39164911404 107.427761426 66264
-6.39195428157 107.428997898 66270
-6.39227118394 107.430240252 66276
-6.39262278272 107.431462805 66282
-6.39297123735 107.432694013 66288
-6.39332121074 107.433934935 66294
-6.39367531242 107.435169332 66300
-6.3940248621 107.436413502 66306
-6.39444360759 107.437624567 66312
-6.3950094572 107.438754668 66318
-6.3957239032 107.439779999 66324
-6.39655778845 107.440677105 66330
-6.39744753398 107.441470684 66336
-6.39826785381 107.442253806 66342
-6.39895856857 107.443108021 66348
-6.39952902338 107.444028429 66354
-6.39999811589 107.444978047 66360
-6.4004330926 107.445907771 66366
-6.40085205886 107.446803562 66372
-6.40125828684 107.44764756 66378
-6.40162798716 107.448429906 66384
-6.40197967068 107.449159078 66390
-6.40227247963 107.449729653 66395
-6.40258286589 107.450410998 66401
-6.40288962257 107.451048915 66407
-6.40316962745 107.45165675 66413
-6.40343547719 107.452225474 66419
-6.40367979459 107.452743961 66425
-6.40390255068 107.453201219 66431
-6.40409488915 107.453621452 66437
-6.40427605113 107.454012763 66443
-6.40444467163 107.454379762 66449
-6.40459120526 107.454715635 66455
-6.40473565605 107.455033345 66461
-6.40487948123 107.4553394 66467
-6.40501590307 107.455628872 66473
-6.40516313447 107.455910975 66479
-6.40531419271 107.456164558 66485
-6.40545877127 107.456433698 66491
-6.40561187918 107.456704464 66497
-6.4057566089 107.456988633 66503
-6.40590734548 107.457277301 66509
-6.40605733729 107.457579696 66515
-6.40621089343 107.457893191 66521
-6.40636181366 107.458219932 66527
-6.40651779749 107.458556891 66533
-6.40667935731 107.458903166 66539
-6.40684493362 107.459260466 66545
-6.40701652544 107.459621083 66551
-6.40718446233 107.459985976 66557
-6.40733934973 107.460361798 66563
-6.40748896137 107.460740182 66569
-6.40764109263 107.461119933 66575
-6.407808244 107.461493018 66581
-6.40799245098 107.461854814 66587
-6.40822175575 107.462183652 66593
-6.40851013154 107.462470747 66599
-6.40885780307 107.462704377 66605
-6.40926069624 107.462897903 66611
-6.4097036467 107.463083254 66617
-6.41019267478 107.463216956 66623
-6.41072344519 107.4632901 66629
-6.41128641681 107.463343136 66635
-6.41187532717 107.463418334 66641
-6.41249079563 107.463537823 66647
-6.41313166539 107.46372507 66653
-6.41378525261 107.463996506 66659
-6.41444820028 107.4643418 66665
-6.41512555069 107.464735258 66671
-6.41582937614 107.465151985 66677
-6.41653761237 107.465619564 66683
-6.41724197146 107.466141542 66689
-6.41797162352 107.46667617 66695
-6.41873056178 107.467233122 66701
-6.41951194943 107.467804222 66707
-6.42031315033 107.468387947 66713
-6.4211294238 107.468991281 66719
-6.42196238669 107.469602343 66725
-6.42284125192 107.470168776 66731
-6.4237941998 107.470641949 66737
-6.42477495993 107.471109851 66743
-6.42577810728 107.471577118 66749
-6.42679423908 107.472054156 66755
-6.42782588628 107.472540863 66761
-6.42887483787 107.473032329 66767
-6.42993003006 107.473531034 66773
-6.43099734283 107.474032126 66779
-6.4320732076 107.474539177 66785
-6.43318565337 107.474963645 66791
-6.43435938619 107.475146659 66797
-6.43557570693 107.475073503 66803
-6.43672632277 107.474721014 66809
-6.43783212442 107.474231828 66815
-6.43894056075 107.473739078 66821
-6.44008661479 107.473356699 66827
-6.44125803413 107.473174473 66833
-6.44243049192 107.473134799 66839
-6.44359392897 107.473114713 66845
-6.4447504382 107.473200852 66851
-6.44582402101 107.473601645 66857
-6.44676813436 107.474273368 66863
-6.44767316278 107.474985997 66869
-6.44858296403 107.47568265 66875
-6.44953593199 107.476270392 66881
-6.45055398827 107.476703223 66887
-6.45161406597 107.476999673 66893
-6.45267368006 107.477285696 66899
-6.45373804378 107.477569186 66905
-6.45483171449 107.477737158 66911
-6.45594488516 107.477818249 66917
-6.45706282687 107.477898241 66923
-6.45816350832 107.478094111 66929
-6.45917303847 107.478584523 66935
-6.46012433814 107.479190607 66941
-6.46109544811 107.479758731 66947
-6.46216281921 107.480090816 66953
-6.46328477966 107.480190637 66959
-6.46440903692 107.480263257 66965
-6.46553688729 107.48020616 66971
-6.46662418715 107.479912912 66977
-6.46768749907 107.479531894 66983
-6.46874938587 107.479144116 66989
-6.46981303523 107.4787589 66995
-6.47089082991 107.478424564 67001
-6.47201949521 107.478387043 67007
-6.47312886604 107.478629893 67013
-6.47424017969 107.478843462 67019
-6.47537535325 107.478834429 67025
-6.47649809168 107.478626256 67031
-6.47764510538 107.478363139 67037
-6.47879420947 107.478083219 67043
-6.47996461829 107.477795888 67049
-6.48116405012 107.477498379 67055
-6.48238480612 107.477194257 67061
-6.4836173973 107.476889293 67067
-6.48485696884 107.476588684 67073
-6.48610672884 107.476281019 67079
-6.48735127773 107.475908561 67085
-6.48853370885 107.47536243 67091
-6.4896500996 107.474681084 67097
-6.49073893331 107.473947127 67103
-6.49183054505 107.47321233 67109
-6.49291855544 107.472489147 67115
-6.49399060095 107.471762137 67121
-6.49504666052 107.471048542 67127
-6.4960842232 107.470345117 67133
-6.49711527024 107.469654947 67139
-6.49812035359 107.4689784 67145
-6.49911385302 107.468308509 67151
-6.50009260369 107.467646379 67157
-6.50105968861 107.466986417 67163
-6.50199476568 107.466310677 67169
-6.50271882829 107.465427696 67175
-6.50313840175 107.464384142 67181
-6.50323231741 107.463263367 67187
-6.50321051142 107.462123847 67193
-6.50318412421 107.460978574 67199
-6.50315937494 107.459831838 67205
-6.50313557887 107.458688689 67211
-6.50329730632 107.457563613 67217
-6.50378522322 107.456550483 67223
-6.50456300397 107.455730024 67228
-6.50556618627 107.455179646 67234
-6.50670557224 107.45496887 67240
-6.50785294391 107.455127968 67246
-6.50894414409 107.45554978 67252
-6.510027161 107.455983931 67258
-6.51111113225 107.456416583 67264
-6.51219135263 107.45684978 67270
-6.51328089701 107.457281486 67276
-6.51437279076 107.457710652 67282
-6.51547840328 107.458108614 67288
-6.51662401989 107.458374209 67294
-6.51776511475 107.458597516 67300
-6.51889648574 107.458818574 67306
-6.52003785369 107.458961227 67312
-6.52116792273 107.458783395 67318
-6.52217976985 107.45826425 67324
-6.52297135452 107.457465643 67330
-6.52350451798 107.456479243 67336
-6.52388278939 107.455418758 67342
-6.52440127873 107.454418713 67348
-6.52518895699 107.453618281 67354
-6.5261693054 107.453050176 67360
-6.5271717096 107.452541468 67366
-6.52813878036 107.452047617 67372
-6.52905303744 107.451578375 67378
-6.52995411714 107.451193263 67384
-6.53091444231 107.451065037 67390
-6.53187222393 107.451182269 67396
-6.53278376013 107.451475567 67402
-6.53370998542 107.451708408 67408
-6.53467355112 107.451719614 67414
-6.53561165231 107.45148206 67420
-6.53651246486 107.451147705 67426
-6.5374005229 107.450784875 67432
-6.53824424814 107.450351558 67438
-6.5390454168 107.449854164 67444
-6.53978880077 107.4493363 67450
-6.5405191652 107.448833678 67456
-6.54123804641 107.448337978 67462
-6.54192820021 107.447862912 67468
-6.54259946566 107.447427998 67474
-6.54329375955 107.447053696 67480
-6.54402399701 107.446744286 67486
-6.54477269091 107.446474183 67492
-6.54552984461 107.446200608 67498
-6.54628109208 107.445937829 67504
-6.54703057058 107.445682978 67510
-6.54776585005 107.445421417 67516
-6.54851494609 107.445219385 67522
-6.54929599605 107.445170812 67528
-6.5500636327 107.445276016 67534
-6.55078968702 107.445529283 67540
-6.55148010506 107.445859998 67546
-6.55216469425 107.446191778 67552
-6.55285389989 107.446516619 67558
-6.55353409646 107.44684079 67564
-6.55421513307 107.447172521 67570
-6.55490671542 107.447508985 67576
-6.55561231231 107.447856411 67582
-6.55633206108 107.448208716 67588
-6.55705531164 107.448561467 67594
-6.55776387308 107.448920836 67600
-6.55846859591 107.449297316 67606
-6.55918773381 107.449645204 67612
-6.55988558336 107.449984625 67618
-6.5605590021 107.450310462 67624
-6.56122404686 107.450633415 67630
-6.56190092206 107.450875469 67636
-6.56260527021 107.45093159 67642
-6.56330458368 107.450797507 67648
-6.56397028122 107.450495327 67654
-6.56463889619 107.450157707 67660
-6.56531130627 107.449818137 67666
-6.56598107709 107.449481527 67672
-6.56664274587 107.44915 67678
-6.56729333615 107.448823205 67684
-6.56793290238 107.448505183 67690
-6.56856512371 107.448189493 67696
-6.56916064708 107.44780717 67702
-6.56969786922 107.447330957 67708
-6.57023695308 107.446832151 67714
-6.57079084374 107.446315938 67720
-6.57134715421 107.445807341 67726
-6.57192994452 107.445343537 67732
-6.57261709174 107.44511777 67738
-6.57333306595 107.445155851 67744
-6.57403418058 107.445260571 67750
-6.57472963665 107.445364788 67756
-6.57541205782 107.445446282 67762
-6.57606579667 107.445386841 67768
-6.57668820308 107.445233818 67774
-6.57727999885 107.445082591 67780
-6.5778318494 107.444902117 67786
-6.57832472832 107.444685136 67792
-6.5787608319 107.444406591 67798
-6.57924342194 107.444179455 67804
-6.57972586593 107.44409653 67810
-6.58020968492 107.444050121 67816
-6.58068190249 107.444004685 67822
-6.58114855796 107.443954245 67828
-6.58158498805 107.443807645 67834
-6.58196219989 107.443558616 67840
-6.58226824483 107.443229635 67846
-6.58249134875 107.442820138 67852
-6.58259182643 107.44233717 67858
-6.58255102764 107.441810816 67864
-6.5823495859 107.441296985 67870
-6.58198461155 107.440857425 67876
-6.58148417958 107.440547941 67882
-6.58090150569 107.440421277 67888
-6.58030170671 107.440502973 67894
-6.57975973509 107.44080504 67900
-6.57926953357 107.441236129 67906
-6.57870591087 107.441622364 67912
-6.57802464865 107.441808489 67918
-6.57730707521 107.441713917 67924
-6.57665413114 107.441366555 67930
-6.57601348108 107.440978369 67936
-6.57529592275 107.440720056 67942
-6.57455304424 107.440501706 67948
-6.57380964215 107.44027441 67954
-6.57306765741 107.440045427 67960
-6.57233851225 107.439773282 67966
-6.57176191834 107.439258964 67972
-6.57143143741 107.438560256 67978
-6.5714340307 107.437784904 67984
-6.57176446085 107.437079134 67990
-6.57235947418 107.436581171 67996
-6.57310789085 107.436369242 68002
-6.57388289381 107.436306338 68008
-6.57465276122 107.436228534 68014
-6.57536841803 107.435935301 68020
-6.57589133657 107.435352677 68026
-6.57611009169 107.43459824 68032
-6.57599037599 107.433823108 68038
-6.57557535621 107.433177382 68044
-6.57506409761 107.432611752 68050
-6.57455452561 107.432049203 68056
-6.57406192196 107.431474827 68062
-6.57356911897 107.430904108 68068
-6.57308181683 107.430334162 68074
-6.57259531667 107.429769349 68080
-6.57212223268 107.429213756 68086
-6.57165940769 107.428685261 68092
-6.57122560596 107.428173295 68098
-6.57089699223 107.427624715 68104
-6.57074669767 107.427029225 68110
-6.57066930379 107.426445608 68116
-6.57058281777 107.425883025 68122
-6.57039608326 107.425363435 68128
-6.57007950961 107.42492395 68134
-6.56970237584 107.424536738 68140
-6.56933199764 107.424154806 68146
-6.5690283429 107.423729821 68152
-6.56886263484 107.423255079 68158
-6.56881900845 107.422765255 68164
-6.56891181942 107.422275591 68170
-6.56914990677 107.421808436 68176
-6.56952930623 107.421411331 68182
-6.57003067163 107.42112715 68188
-6.57059377449 107.420928597 68194
-6.57120530859 107.420789267 68200
-6.57184820314 107.420738514 68206
-6.57250299439 107.420797432 68212
-6.5731098324 107.421074296 68218
-6.57357372444 107.42157438 68224
-6.57383692779 107.422220478 68230
-6.57394646364 107.422923906 68236
-6.5741747735 107.423590954 68242
-6.57462454281 107.424142673 68248
-6.57516534065 107.424632189 68254
-6.57558574704 107.425240564 68260
-6.57596379725 107.425875801 68266
-6.57654403971 107.426327877 68272
-6.5772568811 107.426510537 68278
-6.57799172537 107.426429457 68284
-6.57862962286 107.426029681 68290
-6.57917359726 107.425485257 68296
-6.57972262243 107.424935278 68302
-6.58027328782 107.424385739 68308
-6.58082024727 107.423829989 68314
-6.58122706422 107.423177244 68320
-6.58136402377 107.4224144 68326
-6.58156089326 107.421655555 68332
-6.58203125367 107.421034105 68338
-6.58272115897 107.420660178 68344
-6.58350488054 107.420576877 68350
-6.58429728781 107.420588363 68356
-6.58506975953 107.420454108 68362
-6.5858108729 107.42019044 68368
-6.58646406838 107.419771062 68374
-6.58702981221 107.419224296 68380
-6.58765345106 107.418759039 68386
-6.58840837574 107.418571512 68392
-6.58918386799 107.418711195 68398
