-6.88347053834 107.534228479 72005
-6.88373512587 107.53446729 72011
-6.88399442363 107.5346862 72017
-6.88423807743 107.534891562 72023
-6.88447808256 107.535082544 72029
-6.88468565333 107.535258518 72035
-6.88486333738 107.535409578 72041
-6.88500361248 107.535547386 72047
-6.88512549363 107.535650415 72053
-6.8852083597 107.535722209 72059
-6.88525759595 107.535773746 72065
-6.88525759595 107.535773746 72071
-6.88525759595 107.535773746 72077
-6.88525759595 107.535773746 72083
-6.88525759595 107.535773746 72089
-6.88525759595 107.535773746 72095
-6.88525759595 107.535773746 72101
-6.88525759595 107.535773746 72107
-6.88525759595 107.535773746 72113
-6.88525759595 107.535773746 72119
-6.88525759595 107.535773746 72125
-6.88525759595 107.535773746 72131
-6.88525759595 107.535773746 72137
-6.88525759595 107.535773746 72143
-6.88525759595 107.535773746 72149
-6.88525759595 107.535773746 72155
-6.88525759595 107.535773746 72161
-6.88525759595 107.535773746 72167
-6.88525759595 107.535773746 72173
-6.88525759595 107.535773746 72179
-6.88525759595 107.535773746 72185
-6.88533272879 107.535849506 72191
-6.88541560313 107.535922838 72197
-6.88552940732 107.536016721 72203
-6.88567257333 107.536139485 72209
-6.88584847748 107.536289749 72215
-6.88605930742 107.536466693 72221
-6.88630314216 107.536678793 72227
-6.88657835439 107.536925518 72233
-6.88688496356 107.537196831 72239
-6.88722368243 107.537493675 72246
-6.8875932571 107.537814242 72252
-6.8879796498 107.538175727 72258
-6.88836017138 107.538596795 72264
-6.8887123897 107.539088861 72270
-6.88902387155 107.539648071 72276
-6.88926808154 107.54027194 72282
-6.88944738459 107.540946998 72288
-6.88958536493 107.541669057 72294
-6.88972543946 107.542433621 72300
-6.88987866195 107.543249462 72306
-6.89004664466 107.544117903 72312
-6.89021767886 107.545041008 72318
-6.89039645348 107.546007649 72324
-6.89058643974 107.547014133 72330
-6.8907844122 107.54805665 72336
-6.89098503587 107.549122882 72342
-6.8911885102 107.550194657 72348
-6.89142973016 107.551251461 72354
-6.89170634288 107.552262734 72360
-6.89209123745 107.553199561 72366
-6.89246492497 107.554072065 72372
-6.8928133124 107.554869241 72378
-6.89314641664 107.555631633 72384
-6.89348758301 107.556385839 72390
-6.89380325421 107.557130332 72396
-6.89411890797 107.5578744 72402
-6.89443301239 107.558610054 72408
-6.89477657802 107.559325344 72414
-6.89512819557 107.560033467 72420
-6.89554892228 107.560708686 72426
-6.89600069443 107.561405704 72432
-6.89646361075 107.56210368 72438
-6.89693696204 107.562817518 72444
-6.89742546353 107.56354213 72450
-6.8979162799 107.564271099 72456
-6.89841255288 107.565017004 72462
-6.89891729359 107.565754218 72468
-6.89939329552 107.566493858 72474
-6.89989333847 107.567196218 72480
-6.90037469257 107.567909969 72486
-6.9008577394 107.568629643 72492
-6.90134458758 107.569352399 72498
-6.90183815207 107.570082565 72504
-6.90233671679 107.570824189 72510
-6.90285002061 107.571581635 72516
-6.90336792295 107.572353538 72522
-6.90389385889 107.57314465 72528
-6.904431087 107.573954651 72534
-6.90498047532 107.574778401 72540
-6.90553594207 107.575619368 72546
-6.90610395121 107.576465159 72552
-6.9066711168 107.577312506 72558
-6.9072420062 107.578164594 72564
-6.90780033011 107.57899451 72570
-6.90831546544 107.579782754 72576
-6.9088139112 107.580504401 72582
-6.9092777183 107.581199845 72588
-6.90971766489 107.581861661 72594
-6.91014241804 107.582485851 72600
-6.91047263238 107.583146015 72606
-6.91083909048 107.583761944 72612
-6.91122955994 107.584378139 72618
-6.91161529031 107.584971228 72624
-6.911972221 107.585525522 72630
-6.91231424665 107.58604849 72636
-6.91261939315 107.586537974 72642
-6.91287255034 107.586989808 72648
-6.91308998202 107.587451563 72654
-6.91326659299 107.58791135 72660
-6.91340472198 107.58836444 72666
-6.91350651561 107.588763726 72672
-6.91357234838 107.58910803 72678
-6.91361638512 107.589412456 72684
-6.91365897735 107.589730933 72690
-6.91369077507 107.590061023 72696
-6.9137118116 107.590372687 72702
-6.91372226401 107.590694278 72708
-6.9137156535 107.591030182 72714
-6.91370604723 107.591360067 72720
-6.91369735673 107.591676677 72726
-6.91369368718 107.591981613 72732
-6.91369804356 107.592251909 72738
-6.91370680244 107.592473806 72744
-6.91372036981 107.59266171 72750
-6.91373153136 107.592803625 72756
-6.91373918295 107.592905615 72762
-6.91374755649 107.592990016 72768
-6.91375492667 107.59307643 72774
-6.91376304374 107.593168871 72780
-6.9137718877 107.593247223 72786
-6.91378547419 107.59332096 72792
-6.91379421604 107.593383684 72798
-6.91380332104 107.593445406 72804
-6.91381495673 107.593498264 72810
-6.91382654932 107.593547205 72816
-6.91383054493 107.593598034 72822
-6.91384156765 107.593654006 72828
-6.91385757861 107.593755691 72834
-6.91388645299 107.593905235 72840
-6.91392000236 107.594096619 72846
-6.91395619217 107.594320656 72852
-6.91399324128 107.594566617 72858
-6.91403572635 107.594827175 72864
-6.9140630209 107.595101634 72870
-6.91409332967 107.59537441 72876
-6.91409370974 107.595645252 72882
-6.91411801437 107.595892375 72888
-6.91413638372 107.596170836 72894
-6.91415113676 107.596422841 72900
-6.91417559872 107.596689504 72906
-6.91418382437 107.596952637 72912
-6.91420305828 107.597205278 72918
-6.91419580824 107.597435115 72924
-6.91423211702 107.597661654 72930
-6.91431492839 107.597923928 72936
-6.91436173392 107.598128339 72942
-6.91436489491 107.59837843 72948
-6.91437583441 107.598631118 72954
-6.91437462615 107.598891776 72960
-6.91437639801 107.599105856 72966
-6.91440472035 107.599356892 72972
-6.91439996475 107.59957932 72978
-6.91438335966 107.599797725 72984
-6.9143597261 107.600016042 72990
-6.91434024717 107.600238011 72996
-6.91430800148 107.600442332 73002
-6.91426816525 107.600645763 73008
-6.91422542089 107.600858662 73014
-6.91420221111 107.601055241 73020
-6.91417524825 107.601237961 73026
-6.91416583357 107.60139836 73032
-6.91416070777 107.601547059 73038
-6.91414639352 107.601668547 73044
-6.91413991532 107.601759746 73050
-6.914128769 107.601814736 73056
-6.91413991262 107.601864646 73062
-6.91413991262 107.601864646 73068
-6.91457355305 107.601759007 73078
-6.91457355305 107.601759007 73084
-6.91457355305 107.601759007 73090
-6.91457355305 107.601759007 73096
-6.91457355305 107.601759007 73102
-6.91445514254 107.60210577 73129
-6.91445514254 107.60210577 73135
-6.91445514254 107.60210577 73141
-6.91445514254 107.60210577 73147
-6.91445514254 107.60210577 73153
-6.91445514254 107.60210577 73159
-6.91445514254 107.60210577 73165
-6.91445514254 107.60210577 73171
-6.91445514254 107.60210577 73177
-6.91440888577 107.60207858 73183
-6.91440888577 107.60207858 73189
-6.91440888577 107.60207858 73195
-6.91440888577 107.60207858 73201
-6.91441358564 107.602174909 73207
-6.91441358564 107.602174909 73213
-6.91441358564 107.602174909 73219
-6.91438631036 107.602247219 73225
-6.91438631036 107.602247219 73231
-6.91439536174 107.602319382 73237
-6.91439536174 107.602319382 73243
-6.91439536174 107.602319382 73249
-6.91439536174 107.602319382 73255
-6.91439536174 107.602319382 73261
-6.91430749598 107.602406738 73267
-6.91426469626 107.602431045 73273
-6.91422233423 107.60247627 73279
-6.91415491253 107.602498891 73285
-6.91409190432 107.60251725 73291
-6.9140026336 107.602546271 73297
-6.91396196825 107.602539014 73303
-6.91397406751 107.602546467 73309
-6.91397420209 107.602544668 73315
-6.91394477824 107.602529108 73321
-6.91390906146 107.602512837 73327
-6.91382643804 107.602486896 73333
-6.91378146583 107.602434087 73339
-6.91379446129 107.602402144 73345
-6.91380818677 107.602337823 73351
-6.9138059823 107.60232608 73357
-6.91377348581 107.602297393 73363
-6.91371766902 107.602295128 73369
-6.91364893621 107.60230928 73375
-6.91361697357 107.602319 73381
-6.91355536871 107.602328047 73387
-6.91350629133 107.602332166 73393
-6.91342968159 107.602324207 73399
-6.91338151234 107.602312755 73405
-6.91337169612 107.602245057 73411
-6.91336296661 107.602198845 73417
-6.91336861917 107.602189998 73423
-6.91337652889 107.602184539 73429
-6.91338235954 107.602185932 73435
-6.91339064863 107.602183946 73441
-6.91338253189 107.602170874 73447
-6.91338372842 107.602160978 73453
-6.91338087342 107.60215899 73459
-6.9132905517 107.602185131 73465
-6.91322570917 107.602194343 73471
-6.91313526335 107.602198979 73477
-6.91307757755 107.602199378 73483
-6.91307709922 107.602197006 73489
-6.91307870386 107.602191571 73495
-6.91299911448 107.602188117 73501
-6.91282403143 107.602207761 73507
-6.91272926706 107.602202102 73513
-6.91267144485 107.602040554 73519
-6.91264793582 107.601758271 73525
-6.91261497631 107.601310336 73531
-6.91258870498 107.600856222 73537
-6.91257395173 107.600456907 73543
-6.9125165013 107.599979204 73549
-6.91245675191 107.599465441 73555
-6.91242266988 107.598974677 73561
-6.91238803535 107.598561831 73567
-6.91233676647 107.598142677 73573
-6.9122715626 107.597875504 73579
-6.91212754899 107.597826825 73585
-6.91170929158 107.597849278 73591
-6.91124925886 107.597825081 73597
-6.91080376838 107.597774474 73603
-6.91039222082 107.597726941 73609
-6.91000711775 107.5976931 73615
-6.90983159604 107.597562352 73621
-6.90988064929 107.597257049 73627
-6.90992184914 107.596995966 73633
-6.90995144567 107.596894375 73639
-6.90995144567 107.596894375 73645
-6.90995144567 107.596894375 73651
-6.90995144567 107.596894375 73657
-6.90995144567 107.596894375 73663
-6.90995144567 107.596894375 73669
-6.90995144567 107.596894375 73675
-6.90995144567 107.596894375 73681
-6.90995144567 107.596894375 73690
-6.90995144567 107.596894375 73696
-6.91008259754 107.596900953 73702
-6.90992933245 107.596958303 74489
-6.90992933245 107.596958303 74495
-6.91001463732 107.596996515 74501
-6.91001463732 107.596996515 74511
-6.91001463732 107.596996515 74517
-6.9101088231 107.59700849 74523
-6.9101088231 107.59700849 74529
-6.9101088231 107.59700849 74535
-6.9101088231 107.59700849 74541
-6.9101088231 107.59700849 74547
-6.9101088231 107.59700849 74553
-6.9101088231 107.59700849 74559
-6.9101088231 107.59700849 74565
-6.9101088231 107.59700849 74571
-6.91019603458 107.597031277 74580
