-6.17267352283 106.728127306 43540
-6.17369694454 106.728295576 43547
-6.17459232455 106.728299636 43553
-6.17548895133 106.728368058 43559
-6.17642650948 106.728437232 43565
-6.17740480926 106.728508477 43571
-6.17841309235 106.728614341 43577
-6.17940657674 106.728785181 43583
-6.18039272466 106.729003507 43589
-6.18135421225 106.729236638 43595
-6.18231432211 106.729495496 43601
-6.18329638908 106.729713145 43607
-6.18425305226 106.72997233 43613
-6.18515304862 106.73020533 43619
-6.18620433425 106.730475462 43625
-6.21633670999 106.744383323 43818
-6.21610416612 106.744262967 43824
-6.21591447594 106.744189819 43830
-6.2158784477 106.744182032 43836
-6.21601915724 106.744276529 43842
-6.21641616226 106.744486258 43848
-6.21692929454 106.744765234 43854
-6.21341532587 106.783883734 44950
-6.21342709356 106.783911494 44957
-6.21339144185 106.783971637 44963
-6.21336157963 106.784416097 45013
-6.21341152424 106.784416363 45018
-6.21340349943 106.784406603 45024
-6.21344001128 106.784405222 45030
-6.21374991581 106.784760141 45265
-6.21374524254 106.784807428 45277
-6.2137165582 106.784765651 45283
-6.21370871913 106.784805148 45289
-6.21370855535 106.78480417 45295
-6.21373778433 106.784875535 45301
-6.21373778433 106.784875535 45307
-6.21373778433 106.784875535 45313
-6.21373778433 106.784875535 45319
-6.21373778433 106.784875535 45325
