-6.2240498 106.8436979 83384
-6.2248015 106.8434655 83495
-6.2244348 106.8421959 83497
-6.2245303 106.8419905 83517
-6.2250286 106.8383764 83539
-6.22553262549 106.837719604 83554
-6.22550618098 106.83707672 83561
-6.22550618098 106.83707672 83561
-6.22554940254 106.836474179 83567
-6.22554940254 106.836474179 83567
-6.22560414856 106.83579151 83573
-6.22560414856 106.83579151 83573
-6.22565770029 106.835039406 83579
-6.22576542082 106.834212516 83585
-6.22576542082 106.834212516 83585
-6.22588088873 106.833414219 83591
-6.22588088873 106.833414219 83591
-6.22593450378 106.8326785 83597
-6.22593450378 106.8326785 83597
-6.22594134771 106.831863467 83603
-6.22594134771 106.831863467 83603
-6.22577557799 106.831034786 83609
-6.22577557799 106.831034786 83609
-6.22550954928 106.830173541 83615
-6.22550954928 106.830173541 83615
-6.22531146916 106.829296541 83621
-6.22531146916 106.829296541 83621
-6.22501540034 106.828313837 83627
-6.22501540034 106.828313837 83627
-6.2247505188 106.827550041 83632
-6.22441750889 106.826690413 83638
-6.22441750889 106.826690413 83638
-6.22416777323 106.825937571 83644
-6.22416777323 106.825937571 83644
-6.22389355327 106.825061993 83650
-6.22389355327 106.825061993 83650
-6.22365540725 106.82425063 83656
-6.22365540725 106.82425063 83656
-6.2234104008 106.823475997 83662
-6.2234104008 106.823475997 83662
-6.22312288738 106.822635499 83668
-6.22312288738 106.822635499 83668
-6.22279020166 106.821925225 83674
-6.22279020166 106.821925225 83674
-6.22232852355 106.821364398 83680
-6.22232852355 106.821364398 83680
-6.2223285 106.8213644 83682
-6.22133944238 106.820639481 83690
-6.22133944238 106.820639481 83690
-6.2213394 106.8206395 83689
-6.22057963305 106.820295003 83697
-6.22057963305 106.820295003 83697
-6.21980517803 106.819887326 83704
-6.21980517803 106.819887326 83704
-6.2190258914 106.819605524 83710
-6.2190258914 106.819605524 83710
-6.21817371258 106.819403209 83716
-6.21817371258 106.819403209 83716
-6.21756545717 106.819241066 83722
-6.21756545717 106.819241066 83722
-6.21685520186 106.818982438 83728
-6.21685520186 106.818982438 83728
-6.21612875625 106.818716447 83734
-6.21612875625 106.818716447 83734
-6.21529914539 106.818496311 83740
-6.21529914539 106.818496311 83740
-6.21450921084 106.818344268 83746
-6.21450921084 106.818344268 83746
-6.21384274568 106.818186584 83752
-6.21384274568 106.818186584 83752
-6.2132911124 106.818036573 83758
-6.2132911124 106.818036573 83758
-6.21265215519 106.817894267 83764
-6.21265215519 106.817894267 83764
-6.21188572067 106.8177654 83770
-6.21188572067 106.8177654 83770
-6.21117322692 106.817748171 83776
-6.21117322692 106.817748171 83776
-6.21050642442 106.81780441 83782
-6.21050642442 106.81780441 83782
-6.20987430118 106.817795726 83788
-6.20987430118 106.817795726 83788
-6.20927133019 106.817716715 83794
-6.20927133019 106.817716715 83794
-6.2092713 106.8177167 83796
-6.20849575897 106.817550511 83804
-6.20849575897 106.817550511 83804
-6.20799852946 106.817407317 83811
-6.20799852946 106.817407317 83811
-6.20754114139 106.817280089 83817
-6.20754114139 106.817280089 83817
-6.20691902548 106.817063023 83823
-6.20691902548 106.817063023 83823
-6.2062712281 106.816864271 83829
-6.2062712281 106.816864271 83829
-6.2055554242 106.816692998 83835
-6.2055554242 106.816692998 83835
-6.20483989488 106.816520823 83841
-6.20483989488 106.816520823 83841
-6.20412508824 106.816339969 83847
-6.20412508824 106.816339969 83847
-6.20343271401 106.816154011 83853
-6.20343271401 106.816154011 83853
-6.20280599102 106.815989444 83859
-6.20280599102 106.815989444 83859
-6.20202787791 106.815816445 83865
-6.20202787791 106.815816445 83865
-6.20131549559 106.815641752 83871
-6.20131549559 106.815641752 83871
-6.2006521308 106.815419468 83877
-6.2006521308 106.815419468 83877
-6.2000016834 106.815165906 83883
-6.2000016834 106.815165906 83883
-6.19937391741 106.814878945 83889
-6.19937391741 106.814878945 83889
-6.19875941211 106.814609755 83895
-6.19875941211 106.814609755 83895
-6.19823282909 106.814351307 83901
-6.19823282909 106.814351307 83901
-6.19780551256 106.814208756 83907
-6.19780551256 106.814208756 83907
-6.19731056787 106.814265075 83913
-6.19731056787 106.814265075 83913
-6.19668003746 106.814330233 83919
-6.19668003746 106.814330233 83919
-6.19668 106.8143302 83921
-6.19584149185 106.814385084 83929
-6.19584149185 106.814385084 83929
-6.1958415 106.8143851 83932
-6.19537190932 106.81440656 83935
-6.19492040353 106.814440796 83941
-6.19492040353 106.814440796 83941
-6.19454444379 106.814470481 83947
-6.19454444379 106.814470481 83947
-6.1945444 106.8144705 83949
-6.19389860561 106.814532881 83957
-6.19389860561 106.814532881 83957
-6.1938986 106.8145329 83960
-6.19301836913 106.814675664 83970
-6.19301836913 106.814675664 83970
-6.19242626132 106.814775048 83976
-6.19242626132 106.814775048 83976
-6.19194546773 106.814866706 83982
-6.19194546773 106.814866706 83982
-6.19150562836 106.814951667 83988
-6.19150562836 106.814951667 83988
-6.19115649576 106.815032441 83994
-6.19115649576 106.815032441 83994
-6.19078876453 106.815095817 84000
-6.19078876453 106.815095817 84000
-6.1903015035 106.815156688 84006
-6.1903015035 106.815156688 84006
-6.18977871972 106.815207257 84012
-6.18977871972 106.815207257 84012
-6.18926510038 106.815265826 84018
-6.18926510038 106.815265826 84018
-6.18886753424 106.815300749 84024
-6.18886753424 106.815300749 84024
-6.18853511544 106.815266115 84030
-6.18853511544 106.815266115 84030
-6.1883381871 106.815185835 84041
-6.18832591609 106.815162905 84042
-6.18831607223 106.81512466 84043
-6.18831673028 106.815081449 84044
-6.18832823158 106.815034874 84045
-6.18833876352 106.814985884 84046
-6.18834341635 106.814923889 84047
-6.18836066105 106.814695851 84051
-6.18835834655 106.814648804 84052
-6.18835319149 106.814591731 84053
-6.18833919605 106.814537876 84054
-6.18832549596 106.814482995 84055
-6.18830965488 106.814432151 84056
-6.18829882734 106.814387607 84057
-6.18829201468 106.814341006 84058
-6.18828572265 106.814306907 84059
-6.18827444184 106.814281476 84060
-6.18827444184 106.814281476 84061
-6.18827940753 106.814232147 84062
-6.18827940753 106.814232147 84063
-6.18827940753 106.814232147 84064
-6.18827940753 106.814232147 84065
-6.18827940753 106.814232147 84066
-6.18827940753 106.814232147 84067
-6.18834450047 106.814135285 84068
-6.18839710933 106.814050651 84069
-6.18840165726 106.814028553 84070
-6.18842623481 106.814007038 84071
-6.18845848349 106.813986085 84072
-6.18848916221 106.813969714 84073
-6.18853574434 106.813968227 84074
-6.18860563109 106.813952239 84075
-6.18868494651 106.813945915 84076
-6.18876737115 106.813933894 84077
-6.18884779749 106.813929911 84078
-6.18893806918 106.813832833 84079
-6.18902748322 106.813816891 84080
-6.18911464633 106.813796498 84081
-6.18919543217 106.813783188 84082
-6.18925611745 106.81374438 84083
-6.18930977386 106.813726071 84084
-6.1893764814 106.81369632 84085
-6.18945230396 106.813665048 84086
-6.18953572201 106.813612132 84087
-6.18960290116 106.813571762 84088
-6.1896684927 106.813535816 84089
-6.18974891248 106.813484879 84090
-6.18982130537 106.8134243 84091
-6.18987294483 106.813359863 84092
-6.18991029636 106.813291667 84093
-6.18993719876 106.813238791 84094
-6.18995797376 106.813193975 84095
-6.18997903836 106.813155012 84096
-6.18999132628 106.813097385 84097
-6.19001964801 106.813018142 84098
-6.19004076909 106.812931763 84099
-6.19007204129 106.812838425 84100
-6.19008482105 106.812771276 84101
-6.19009170785 106.812712835 84102
-6.1900906503 106.81266295 84103
-6.19002171046 106.812360234 84108
-6.1900217 106.8123602 84110
-6.1900217 106.8123602 84115
-6.18940810802 106.811762337 84124
-6.1890835154 106.81141099 84131
-6.1890835154 106.81141099 84131
-6.18894244071 106.8109583 84138
-6.18894244071 106.8109583 84138
-6.1889424 106.8109583 84137
-6.18886847364 106.81046614 84145
-6.18886847364 106.81046614 84145
-6.1888685 106.8104661 84147
-6.18874716255 106.80991687 84155
-6.18874716255 106.80991687 84155
-6.18868068095 106.809366842 84162
-6.18868068095 106.809366842 84162
-6.1887020729 106.808922481 84169
-6.1887020729 106.808922481 84169
-6.18873592806 106.808581421 84175
-6.18873592806 106.808581421 84175
-6.18879340524 106.808183379 84181
-6.18879340524 106.808183379 84181
-6.18885257859 106.807806916 84187
-6.18885257859 106.807806916 84187
-6.18893417996 106.807460234 84193
-6.18893417996 106.807460234 84193
-6.18902138959 106.807070679 84199
-6.18902138959 106.807070679 84199
-6.18927023501 106.806866643 84205
-6.18927023501 106.806866643 84205
-6.18971356499 106.806743132 84211
-6.18971356499 106.806743132 84211
-6.19032043266 106.806571769 84217
-6.19032043266 106.806571769 84217
-6.19086241203 106.806438805 84223
-6.19086241203 106.806438805 84223
-6.19127055047 106.8063128 84229
-6.19127055047 106.8063128 84229
-6.19161623662 106.80617519 84235
-6.19161623662 106.80617519 84235
-6.19182176585 106.806033968 84241
-6.19182176585 106.806033968 84241
-6.19214815749 106.805831761 84247
-6.19214815749 106.805831761 84247
-6.19261025778 106.805638571 84253
-6.19261025778 106.805638571 84253
-6.19302226154 106.805531941 84259
-6.19302226154 106.805531941 84259
-6.19348364375 106.805448667 84265
-6.19348364375 106.805448667 84265
-6.1938625415 106.805412061 84271
-6.1938625415 106.805412061 84271
-6.19418007446 106.805377506 84277
-6.19418007446 106.805377506 84277
-6.1947034535 106.805323641 84283
-6.1947034535 106.805323641 84283
-6.19529004401 106.805241531 84289
-6.19529004401 106.805241531 84289
-6.19529 106.8052415 84291
-6.19603133446 106.805036547 84299
-6.19603133446 106.805036547 84299
-6.19647374864 106.804853284 84306
-6.19647374864 106.804853284 84306
-6.19701586722 106.804567375 84313
-6.19745835424 106.804319503 84320
-6.19745835424 106.804319503 84320
-6.19772114459 106.803978931 84327
-6.19772114459 106.803978931 84327
-6.19802034068 106.803545151 84333
-6.19802034068 106.803545151 84333
-6.19846423875 106.803249643 84339
-6.19846423875 106.803249643 84339
-6.1984642 106.8032496 84341
-6.1990790443 106.80266168 84349
-6.1990790443 106.80266168 84349
-6.199079 106.8026617 84348
-6.19948557181 106.801977566 84356
-6.19948557181 106.801977566 84356
-6.1998081188 106.80130099 84363
-6.20006679054 106.800766887 84369
-6.20006679054 106.800766887 84369
-6.2000668 106.8007669 84371
-6.2000668 106.8007669 84376
-6.20087416868 106.799872415 84385
-6.20087416868 106.799872415 84385
-6.20129092591 106.799928202 84392
-6.20129092591 106.799928202 84392
-6.20171856112 106.800090235 84398
-6.20171856112 106.800090235 84398
-6.20212607483 106.800270504 84404
-6.20212607483 106.800270504 84404
-6.20250219958 106.800496218 84410
-6.20250219958 106.800496218 84410
-6.20288767721 106.800698158 84416
-6.20288767721 106.800698158 84416
-6.20317695604 106.800843775 84422
-6.20317695604 106.800843775 84422
-6.20350981215 106.801022084 84428
-6.20350981215 106.801022084 84428
-6.20375323172 106.801137345 84434
-6.20375323172 106.801137345 84434
-6.2037532 106.8011373 84437
-6.20301783196 106.800073564 84465
-6.20301783196 106.800073564 84465
-6.20257149863 106.799921461 84471
-6.20257149863 106.799921461 84471
-6.20229223042 106.799720169 84477
-6.20229223042 106.799720169 84477
-6.20200220666 106.799465956 84483
-6.20200220666 106.799465956 84483
-6.20198677744 106.798992075 84489
-6.20198677744 106.798992075 84489
-6.20222120297 106.79854015 84495
-6.20222120297 106.79854015 84495
-6.20258161375 106.798173158 84501
-6.20258161375 106.798173158 84501
-6.20289223768 106.797910774 84507
-6.20289223768 106.797910774 84507
-6.2028922 106.7979108 84510
-6.20326419768 106.797664152 84517
-6.20326419768 106.797664152 84517
-6.20365148907 106.797430376 84524
-6.20365148907 106.797430376 84524
-6.2036515 106.7974304 84524
-6.20409328824 106.797193969 84531
-6.20409328824 106.797193969 84531
-6.20454440296 106.796974582 84538
-6.20454440296 106.796974582 84538
-6.20513614597 106.796741108 84545
-6.20513614597 106.796741108 84545
-6.20566625006 106.796553311 84551
-6.20566625006 106.796553311 84551
-6.20608917732 106.796444006 84557
-6.20608917732 106.796444006 84557
-6.2060892 106.796444 84560
-6.2065414 106.7962683 84565
-6.20734360324 106.796381187 84574
-6.20734360324 106.796381187 84574
-6.20768144112 106.796291207 84580
-6.20768144112 106.796291207 84580
-6.20774208347 106.795966623 84586
-6.20774208347 106.795966623 84586
-6.20776263466 106.795596075 84592
-6.20776263466 106.795596075 84592
-6.20777812211 106.795346239 84598
-6.20777812211 106.795346239 84598
-6.20777419669 106.795117006 84604
-6.20779462977 106.794844594 84610
-6.20779462977 106.794844594 84610
-6.20778953104 106.79461426 84616
-6.20778953104 106.79461426 84616
-6.20775792708 106.794282632 84622
-6.20775792708 106.794282632 84622
-6.20774994518 106.793874705 84628
-6.20774994518 106.793874705 84628
-6.20773703069 106.793473364 84634
-6.20773703069 106.793473364 84634
-6.20778888111 106.792979338 84640
-6.20778888111 106.792979338 84640
-6.20782387169 106.792496962 84646
-6.20782387169 106.792496962 84646
-6.20774738658 106.792171093 84652
-6.20774738658 106.792171093 84652
-6.2076787938 106.791880748 84658
-6.2076787938 106.791880748 84658
-6.20754428365 106.79110825 84669
-6.20754428365 106.79110825 84669
-6.20750169038 106.790715355 84675
-6.20750169038 106.790715355 84675
-6.20749668875 106.790415534 84681
-6.20749668875 106.790415534 84681
-6.207663492 106.790104432 84687
-6.207663492 106.790104432 84687
-6.20786589317 106.789869697 84693
-6.20786589317 106.789869697 84693
-6.20805405631 106.789673152 84699
-6.20805405631 106.789673152 84699
-6.20818362445 106.789480077 84705
-6.20818362445 106.789480077 84705
-6.20829225911 106.789154333 84711
-6.20829225911 106.789154333 84711
-6.20811966985 106.788723975 84717
-6.20811966985 106.788723975 84717
-6.20780296089 106.788363476 84723
-6.20780296089 106.788363476 84723
-6.207803 106.7883635 84726
-6.2077743 106.7877885 84731
-6.20716483813 106.787740346 84740
-6.20716483813 106.787740346 84740
-6.20700364045 106.787339902 84746
-6.20700364045 106.787339902 84746
-6.20694030191 106.786893158 84752
-6.20688957539 106.786441239 84758
-6.20688957539 106.786441239 84758
-6.2068896 106.7864412 84761
-6.20681776005 106.785644552 84768
-6.20681776005 106.785644552 84768
-6.20677273079 106.785211279 84774
-6.20677273079 106.785211279 84774
-6.20673935064 106.7847344 84780
-6.20673935064 106.7847344 84780
-6.2066848398 106.784232568 84786
-6.2066848398 106.784232568 84786
-6.20664264026 106.783842263 84792
-6.20664264026 106.783842263 84792
-6.20664143126 106.783578118 84798
-6.20664143126 106.783578118 84798
-6.20665722264 106.783415546 84804
-6.20665722264 106.783415546 84804
-6.20666644964 106.783380654 84810
-6.20666644964 106.783380654 84810
-6.20670577503 106.783314101 84816
-6.20670577503 106.783314101 84816
-6.20683036515 106.783261412 84822
-6.20683036515 106.783261412 84822
-6.2068196 106.7832665 84825
-6.2073293533 106.783271921 84832
-6.2073293533 106.783271921 84832
-6.20765733475 106.783297526 84838
-6.20765733475 106.783297526 84838
-6.20802527115 106.783334475 84844
-6.20802527115 106.783334475 84844
-6.20839183632 106.783378972 84850
-6.20839183632 106.783378972 84850
-6.20888787296 106.783431585 84856
-6.20888787296 106.783431585 84856
-6.20934961083 106.783488455 84862
-6.20934961083 106.783488455 84862
-6.20969842994 106.783524185 84868
-6.20969842994 106.783524185 84868
-6.21017980691 106.783566176 84874
-6.21017980691 106.783566176 84874
-6.21070637969 106.783626031 84880
-6.21070637969 106.783626031 84880
-6.21113722268 106.783679804 84886
-6.21113722268 106.783679804 84886
-6.21158994033 106.783713146 84892
-6.21158994033 106.783713146 84892
-6.21208448191 106.783703481 84898
-6.21208448191 106.783703481 84898
-6.21242668917 106.783613665 84904
-6.21242668917 106.783613665 84904
-6.21271732751 106.783446115 84910
-6.21271732751 106.783446115 84910
-6.2129081147 106.783284224 84916
-6.2129081147 106.783284224 84916
-6.21295347352 106.783278557 84922
-6.21295347352 106.783278557 84922
-6.21299966366 106.783329179 84928
-6.21299966366 106.783329179 84928
-6.21308773569 106.78348754 84934
-6.21308773569 106.78348754 84934
-6.21312031534 106.783620954 84940
-6.21312031534 106.783620954 84940
-6.21313936766 106.783683945 84946
-6.21313936766 106.783683945 84946
-6.2132543744 106.783773881 84952
-6.2132543744 106.783773881 84952
-6.21331478325 106.78385831 84958
-6.21331478325 106.78385831 84958
-6.21333283006 106.783911209 84964
-6.21333283006 106.783911209 84964
-6.21336029364 106.783969346 84975
-6.21336029364 106.783969346 84975
-6.21335363181 106.78409742 84982
-6.21335363181 106.78409742 84982
-6.21337049355 106.78430136 84989
-6.21337049355 106.78430136 84989
-6.21337049355 106.78430136 84995
-6.21337049355 106.78430136 84995
-6.21337049355 106.78430136 85001
-6.21337049355 106.78430136 85001
-6.21337049355 106.78430136 85007
-6.21337049355 106.78430136 85007
