-6.24024219719 106.831327265 50400
-6.24024219719 106.831327265 50400
-6.24027017613 106.831053729 50407
-6.24027017613 106.831053729 50407
-6.24028928456 106.830892097 50413
-6.24028928456 106.830892097 50413
-6.24024266657 106.83069766 50419
-6.24024266657 106.83069766 50419
-6.24022242929 106.830478139 50425
-6.24022242929 106.830478139 50425
-6.2402065432 106.830228533 50431
-6.2402065432 106.830228533 50431
-6.2402065 106.8302285 50435
-6.24023088051 106.829825166 50441
-6.24023088051 106.829825166 50441
-6.24026042901 106.829523367 50448
-6.24026042901 106.829523367 50448
-6.2402604 106.8295234 50449
-6.24026137467 106.829031693 50455
-6.24026137467 106.829031693 50455
-6.2402614 106.8290317 50456
-6.24024287578 106.828559722 50462
-6.24024287578 106.828559722 50462
-6.24022447573 106.828049831 50468
-6.24022447573 106.828049831 50468
-6.24017959902 106.827419532 50474
-6.24017959902 106.827419532 50474
-6.24015842982 106.826649381 50480
-6.24015842982 106.826649381 50480
-6.2401584 106.8266494 50484
-6.24016476609 106.825446522 50490
-6.24016476609 106.825446522 50490
-6.2401852311 106.824614722 50497
-6.2401852311 106.824614722 50497
-6.24022141375 106.823845449 50504
-6.24022141375 106.823845449 50504
-6.2402214 106.8238454 50505
-6.24028491873 106.823364751 50511
-6.24028491873 106.823364751 50511
-6.24030854676 106.823293575 50517
-6.24030854676 106.823293575 50517
-6.24033951017 106.823184378 50523
-6.24033951017 106.823184378 50523
-6.24037368037 106.823073627 50529
-6.24037368037 106.823073627 50529
-6.24037240156 106.823061548 50535
-6.24037240156 106.823061548 50535
-6.24037052197 106.823020274 50541
-6.24037052197 106.823020274 50541
-6.24038801853 106.822905245 50547
-6.24038801853 106.822905245 50547
-6.24040955357 106.822850799 50553
-6.24040955357 106.822850799 50553
-6.24042134111 106.822738801 50559
-6.24042134111 106.822738801 50559
-6.24044401912 106.822607868 50565
-6.24044401912 106.822607868 50565
-6.24044401912 106.822607868 50571
-6.24044401912 106.822607868 50571
-6.24043103823 106.82250899 50577
-6.24043103823 106.82250899 50577
-6.2404226153 106.822363405 50583
-6.2404226153 106.822363405 50583
-6.24042547387 106.822222825 50589
-6.24045377736 106.822059959 50595
-6.24045377736 106.822059959 50595
-6.24046482476 106.82196498 50601
-6.24046482476 106.82196498 50601
-6.24047090515 106.821938615 50607
-6.24047090515 106.821938615 50607
-6.24048213783 106.821853383 50613
-6.24048213783 106.821853383 50613
-6.24050131059 106.821729158 50619
-6.24050131059 106.821729158 50619
-6.24052809201 106.821598376 50625
-6.24052809201 106.821598376 50625
-6.2405215 106.8216319 50629
-6.24060671542 106.821401621 50635
-6.24060671542 106.821401621 50635
-6.24066209601 106.821208989 50642
-6.24066209601 106.821208989 50642
-6.24075549896 106.820898278 50649
-6.24075549896 106.820898278 50649
-6.24084947923 106.820626374 50655
-6.24084947923 106.820626374 50655
-6.2408495 106.8206264 50659
-6.2409687567 106.820050083 50665
-6.2409687567 106.820050083 50665
-6.2409688 106.8200501 50670
-6.2415161 106.8206031 50675
-6.2415161 106.8206031 50681
-6.24120189972 106.819189499 50687
-6.24120189972 106.819189499 50687
-6.24119825394 106.819076235 50693
-6.24119825394 106.819076235 50693
-6.24126315328 106.818709774 50700
-6.24126315328 106.818709774 50700
-6.24133544582 106.818250711 50707
-6.24133544582 106.818250711 50707
-6.24138218616 106.817936333 50713
-6.24138218616 106.817936333 50713
-6.24143595665 106.81774419 50719
-6.24143595665 106.81774419 50719
-6.24157017474 106.817549356 50725
-6.24157017474 106.817549356 50725
-6.24183321535 106.81732167 50731
-6.24183321535 106.81732167 50731
-6.24224121315 106.817035667 50737
-6.24224121315 106.817035667 50737
-6.24265524334 106.816716978 50743
-6.24265524334 106.816716978 50743
-6.243112113 106.816443495 50749
-6.243112113 106.816443495 50749
-6.24348850341 106.816250326 50755
-6.24348850341 106.816250326 50755
-6.24363091329 106.816199039 50761
-6.24363091329 106.816199039 50761
-6.24389057566 106.81613127 50767
-6.24389057566 106.81613127 50767
-6.24424484269 106.816020725 50773
-6.24424484269 106.816020725 50773
-6.24459289482 106.815917153 50779
-6.24459289482 106.815917153 50779
-6.24490143686 106.815834547 50785
-6.24490143686 106.815834547 50785
-6.24531607481 106.815711392 50791
-6.24531607481 106.815711392 50791
-6.2453161 106.8157114 50795
-6.2460173721 106.81551899 50801
-6.2460173721 106.81551899 50801
-6.2465433243 106.815367229 50808
-6.2465433243 106.815367229 50808
-6.2465433 106.8153672 50809
-6.24705967005 106.815215221 50815
-6.24705967005 106.815215221 50815
-6.2470597 106.8152152 50816
-6.24742020608 106.815133298 50822
-6.24742020608 106.815133298 50822
-6.24785948654 106.815047035 50829
-6.24785948654 106.815047035 50829
-6.24835048514 106.814915979 50836
-6.24835048514 106.814915979 50836
-6.2483505 106.814916 50837
-6.24881889457 106.814803101 50843
-6.24881889457 106.814803101 50843
-6.2488189 106.8148031 50844
-6.24933642371 106.814693682 50850
-6.24933642371 106.814693682 50850
-6.2495162593 106.814633786 50856
-6.2495162593 106.814633786 50856
-6.24980839909 106.814585907 50862
-6.24980839909 106.814585907 50862
-6.25025874196 106.814517795 50868
-6.25025874196 106.814517795 50868
-6.2507669992 106.814463963 50874
-6.2507669992 106.814463963 50874
-6.25127740145 106.814427486 50880
-6.25127740145 106.814427486 50880
-6.2517729843 106.814407309 50886
-6.2517729843 106.814407309 50886
-6.25201374118 106.814409569 50892
-6.25228648406 106.814416126 50898
-6.25228648406 106.814416126 50898
-6.25269695238 106.814429695 50904
-6.25269695238 106.814429695 50904
-6.25316943136 106.814441704 50910
-6.25316943136 106.814441704 50910
-6.2531694 106.8144417 50914
-6.2538315239 106.814490908 50920
-6.2538315239 106.814490908 50920
-6.25393398583 106.814495675 50931
-6.25401750287 106.814493298 50937
-6.25401750287 106.814493298 50937
-6.25414275534 106.81452268 50943
-6.25414275534 106.81452268 50943
-6.25426657034 106.814540332 50949
-6.25426657034 106.814540332 50949
-6.25433461817 106.814550666 50955
-6.25433461817 106.814550666 50955
-6.25439004414 106.814552713 50961
-6.25439004414 106.814552713 50961
-6.25439004414 106.814552713 50967
-6.25439004414 106.814552713 50967
-6.25439004414 106.814552713 50973
-6.25439004414 106.814552713 50973
-6.25453875064 106.814567803 50979
-6.25453875064 106.814567803 50979
-6.25479762269 106.81460919 50985
-6.25479762269 106.81460919 50985
-6.25500990772 106.814629508 50991
-6.25514703168 106.814643008 50997
-6.25514703168 106.814643008 50997
-6.25536545297 106.814680844 51003
-6.25536545297 106.814680844 51003
-6.255563609 106.814723335 51009
-6.255563609 106.814723335 51009
-6.25587649933 106.814782544 51015
-6.25587649933 106.814782544 51015
-6.25622961754 106.814839392 51021
-6.25622961754 106.814839392 51021
-6.25658123287 106.814907343 51028
-6.25658123287 106.814907343 51028
-6.25698757268 106.814978518 51034
-6.25698757268 106.814978518 51034
-6.25714076039 106.81499902 51037
-6.2571408 106.814999 51041
-6.2574721763 106.8150624 51047
-6.2574721763 106.8150624 51047
-6.2574374 106.8150557 51047
-6.25773100922 106.815080763 51054
-6.25773100922 106.815080763 51054
-6.2580077175 106.815102936 51061
-6.2580077175 106.815102936 51061
-6.25824358744 106.815134338 51067
-6.25824358744 106.815134338 51067
-6.2585612851 106.815184787 51073
-6.2585612851 106.815184787 51073
-6.25890158461 106.815246962 51079
-6.25890158461 106.815246962 51079
-6.2589016 106.815247 51082
-6.2595042815 106.815368271 51089
-6.2595042815 106.815368271 51089
-6.2598922938 106.815447291 51096
-6.2598922938 106.815447291 51096
-6.26028514778 106.815495333 51103
-6.26028514778 106.815495333 51103
-6.2607591904 106.815565023 51110
-6.2607591904 106.815565023 51110
-6.26114578001 106.815622331 51116
-6.26114578001 106.815622331 51116
-6.26140862461 106.815690445 51122
-6.26140862461 106.815690445 51122
-6.26151903064 106.815702267 51128
-6.26151903064 106.815702267 51128
-6.26151903064 106.815702267 51134
-6.26151903064 106.815702267 51134
-6.26151903064 106.815702267 51140
-6.26151903064 106.815702267 51140
-6.26151903064 106.815702267 51146
-6.26151903064 106.815702267 51152
-6.26151903064 106.815702267 51152
-6.26164611705 106.815743622 51158
-6.26164611705 106.815743622 51158
-6.26189569001 106.815804906 51164
-6.26189569001 106.815804906 51164
-6.26228997039 106.815893338 51170
-6.26228997039 106.815893338 51170
-6.26229 106.8158933 51174
-6.26229 106.8158933 51179
-6.26229 106.8158933 51184
-6.26229 106.8158933 51190
-6.26229 106.8158933 51195
-6.26229 106.8158933 51200
-6.26229 106.8158933 51205
-6.26229 106.8158933 51210
-6.26229 106.8158933 51216
-6.26229 106.8158933 51221
-6.26229 106.8158933 51226
-6.26229 106.8158933 51231
-6.26229 106.8158933 51236
-6.2656833 106.816067 51242
-6.2657664 106.8160591 51247
-6.2657664 106.8160591 51252
-6.2657664 106.8160591 51257
-6.2661864 106.8160225 51264
-6.2661864 106.8160225 51269
-6.2661864 106.8160225 51274
-6.2661864 106.8160225 51280
-6.2661864 106.8160225 51284
-6.2661864 106.8160225 51289
-6.2661864 106.8160225 51294
-6.2661864 106.8160225 51299
-6.2661864 106.8160225 51304
-6.26675902385 106.815954078 51307
-6.266759 106.8159541 51311
-6.26675902385 106.815954078 51313
-6.266759 106.8159541 51317
-6.26675902385 106.815954078 51319
-6.266759 106.8159541 51323
-6.26675902385 106.815954078 51325
-6.266759 106.8159541 51329
-6.266759 106.8159541 51334
-6.266759 106.8159541 51339
-6.26675902385 106.815954078 51341
-6.266759 106.8159541 51345
-6.26675902385 106.815954078 51347
-6.266759 106.8159541 51351
-6.266759 106.8159541 51356
-6.2668082436 106.815914289 51358
-6.2668067 106.8159155 51362
-6.2668067 106.8159155 51367
-6.2668067 106.8159155 51372
-6.26737079341 106.815818319 51374
-6.2673708 106.8158183 51378
-6.2673708 106.8158183 51383
-6.2673708 106.8158183 51388
-6.2673708 106.8158183 51393
-6.2673708 106.8158183 51398
-6.2673708 106.8158183 51403
-6.2673708 106.8158183 51409
-6.26819500962 106.81572981 51411
-6.2681838 106.8157312 51414
-6.2687293842 106.815640301 51421
-6.2687293842 106.815640301 51421
-6.2691874442 106.815581567 51427
-6.2691874442 106.815581567 51427
-6.26970658308 106.815483468 51433
-6.26970658308 106.815483468 51433
-6.27014614588 106.815418334 51439
-6.27014614588 106.815418334 51439
-6.27071383057 106.815349242 51445
-6.27071383057 106.815349242 51445
-6.27129052959 106.81527228 51451
-6.27129052959 106.81527228 51451
-6.27181724706 106.815185735 51457
-6.27181724706 106.815185735 51457
-6.27237064407 106.815120223 51463
-6.27237064407 106.815120223 51463
-6.27282535507 106.815073824 51469
-6.27282535507 106.815073824 51469
-6.27299721248 106.81516309 51475
-6.27299721248 106.81516309 51475
-6.27303387556 106.815279538 51481
-6.27303387556 106.815279538 51481
-6.27306725399 106.815469207 51487
-6.27306725399 106.815469207 51487
-6.27311449969 106.815684824 51493
-6.27311449969 106.815684824 51493
-6.27313443192 106.815779578 51499
-6.27313443192 106.815779578 51499
-6.27313443192 106.815779578 51505
-6.27313443192 106.815779578 51505
-6.27313443192 106.815779578 51511
-6.27313443192 106.815779578 51511
-6.27313443192 106.815779578 51517
-6.27313443192 106.815779578 51517
-6.27313443192 106.815779578 51523
-6.27313443192 106.815779578 51523
-6.27313443192 106.815779578 51529
-6.27313443192 106.815779578 51529
-6.27313443192 106.815779578 51535
-6.27316470345 106.815892223 51541
-6.27316470345 106.815892223 51541
-6.27321079722 106.816112127 51547
-6.27321079722 106.816112127 51547
-6.27324420033 106.816456816 51559
-6.27324420033 106.816456816 51559
-6.27319424159 106.816497541 51566
-6.27319424159 106.816497541 51566
-6.27319424159 106.816497541 51572
-6.27319424159 106.816497541 51572
-6.27319424159 106.816497541 51578
-6.27319424159 106.816497541 51578
-6.27319424159 106.816497541 51584
-6.27319424159 106.816497541 51584
-6.27319424159 106.816497541 51590
-6.27319424159 106.816497541 51590
-6.27319424159 106.816497541 51596
-6.27319424159 106.816497541 51596
-6.27320780187 106.81641841 51602
-6.27320780187 106.81641841 51602
-6.27317938085 106.816383442 51608
-6.27317938085 106.816383442 51608
-6.27317938085 106.816383442 51614
-6.27317938085 106.816383442 51614
-6.27317938085 106.816383442 51620
-6.27317938085 106.816383442 51620
-6.27317938085 106.816383442 51626
-6.27317938085 106.816383442 51626
-6.27317938085 106.816383442 51632
-6.27317938085 106.816383442 51632
-6.27317938085 106.816383442 51638
-6.27317938085 106.816383442 51644
-6.27317938085 106.816383442 51644
-6.27317938085 106.816383442 51650
-6.27317938085 106.816383442 51650
-6.27317938085 106.816383442 51656
-6.27317938085 106.816383442 51656
-6.2730545 106.8163276 51703
-6.2729487 106.8163654 51743
-6.2729487 106.8163654 51748
-6.2729487 106.8163654 51753
-6.2729487 106.8163654 51759
-6.2729074 106.8163279 51772
-6.27272302999 106.816512122 51820
-6.27272302999 106.816512122 51820
-6.27272302999 106.816512122 51826
-6.27272302999 106.816512122 51826
-6.27272302999 106.816512122 51832
-6.27272302999 106.816512122 51832
-6.27272302999 106.816512122 51838
-6.27272302999 106.816512122 51838
-6.27272302999 106.816512122 51844
-6.27272302999 106.816512122 51844
-6.27274210843 106.816465732 51850
-6.27274210843 106.816465732 51850
-6.27274210843 106.816465732 51856
-6.27274210843 106.816465732 51862
-6.27274210843 106.816465732 51862
-6.27274210843 106.816465732 51868
-6.27274210843 106.816465732 51868
-6.2727413 106.8164677 51868
-6.27274210843 106.816465732 51875
-6.27274210843 106.816465732 51875
-6.27274210843 106.816465732 51881
-6.27274210843 106.816465732 51881
-6.2727419 106.8164662 51881
-6.27272312325 106.816418431 51888
-6.27272312325 106.816418431 51888
-6.2727311 106.8164388 51888
-6.27272091529 106.81640899 51895
-6.27272091529 106.81640899 51895
-6.27272396446 106.816409213 51902
-6.27272396446 106.816409213 51902
-6.27273557288 106.816415034 51909
-6.27273557288 106.816415034 51909
-6.2727283 106.8164159 51909
-6.27273761199 106.816416168 51916
-6.27273761199 106.816416168 51916
-6.27273957574 106.816417339 51923
-6.27273957574 106.816417339 51923
-6.27273689819 106.816413778 51930
-6.27273689819 106.816413778 51930
-6.27273109618 106.816406527 51937
-6.27272924608 106.816411851 51943
-6.27272924608 106.816411851 51943
-6.27272479813 106.816413428 51949
-6.27272479813 106.816413428 51949
-6.27272466656 106.816413227 51956
-6.27272466656 106.816413227 51956
-6.2727279626 106.816412649 51963
-6.2727279626 106.816412649 51963
-6.27272918157 106.816411496 51969
-6.27272918157 106.816411496 51969
-6.27273001372 106.816409724 51975
-6.27273001372 106.816409724 51975
-6.27273112219 106.81640692 51982
-6.27273112219 106.81640692 51982
-6.27273001098 106.816404985 51988
-6.27273001098 106.816404985 51988
-6.27273231841 106.816405139 51995
-6.27273231841 106.816405139 51995
-6.27273395545 106.816407321 52001
-6.27273395545 106.816407321 52001
-6.27273417891 106.816408208 52007
-6.27273417891 106.816408208 52007
-6.27273479853 106.816409196 52014
-6.27273479853 106.816409196 52014
-6.27273248655 106.816409985 52021
-6.27273248655 106.816409985 52021
-6.27273293257 106.816406943 52027
-6.27273293257 106.816406943 52027
-6.2727331 106.816408 52031
-6.2727331 106.816408 52036
-6.2727331 106.816408 52041
-6.27274847501 106.816405756 52048
-6.27274847501 106.816405756 52048
