-6.90996159974 107.597015843 75638
-6.90992642132 107.596995182 75645
-6.90992039299 107.596979814 75651
-6.909909595 107.596980026 75657
-6.90990788465 107.596977523 75663
-6.90990877573 107.596973 75669
-6.90990838117 107.596970394 75675
-6.90990847204 107.596967878 75681
-6.90990849149 107.596966227 75687
-6.90991013695 107.596967147 75693
-6.90991374874 107.596997191 75699
-6.90990097199 107.597179126 75705
-6.90983686197 107.597493135 75711
-6.90975337173 107.597647757 75717
-6.90945404879 107.59768259 75723
-6.90904124642 107.597644495 75729
-6.90853305252 107.597623837 75735
-6.90808759944 107.597606 75741
-6.90769916594 107.597598238 75747
-6.90730723268 107.597595593 75753
-6.90692711779 107.597594587 75759
-6.90662661061 107.59760273 75765
-6.90650388518 107.597782729 75771
-6.90657801697 107.59814852 75777
-6.90661558277 107.598411962 75783
-6.90666083138 107.598801425 75789
-6.90672693276 107.599331474 75795
-6.90678726781 107.599930305 75801
-6.90680173647 107.60055453 75807
-6.90683782292 107.601176777 75813
-6.90690079755 107.601768158 75819
-6.90693733726 107.60241853 75825
-6.90693717813 107.603104136 75831
-6.90694084426 107.603689231 75837
-6.90693876465 107.604088907 75843
-6.90677409621 107.604287635 75849
-6.90624282149 107.604271086 75855
-6.90560112445 107.604249403 75861
-6.90500758429 107.60425001 75867
-6.90453355871 107.604268018 75873
-6.90422148756 107.604453572 75879
-6.90402540703 107.604933072 75885
-6.90387259141 107.605432961 75891
-6.90392751852 107.605933473 75897
-6.90412866189 107.606395992 75903
-6.90445087882 107.606802171 75909
-6.90480561313 107.60713067 75915
-6.90515490941 107.607330986 75921
-6.90538046678 107.607514964 75927
-6.90525819366 107.607756004 75933
-6.90505248805 107.607942479 75939
-6.90465980555 107.607954941 75945
-6.90425230069 107.608085482 75951
-6.9038408814 107.608298922 75957
-6.90342979504 107.608300786 75963
-6.90313731596 107.608103503 75969
-6.90288356527 107.608007532 75975
-6.90251928087 107.607991999 75981
-6.90223969068 107.608067314 75987
-6.9020940075 107.608159205 75993
-6.90185845479 107.60830923 75999
-6.90161297858 107.608448574 76005
-6.90130436255 107.608678822 76011
-6.90100761511 107.608919609 76017
-6.90070289374 107.609133874 76023
-6.90031238233 107.609242933 76029
-6.89983923398 107.60925916 76035
-6.89950942459 107.609248172 76041
-6.89917444697 107.609156498 76047
-6.89878422122 107.609262724 76053
-6.89856759596 107.609365351 76059
-6.89856759596 107.609365351 76065
-6.89849889745 107.609391965 76071
-6.89849889745 107.609391965 76077
-6.89849889745 107.609391965 76083
-6.89842840805 107.60942942 76089
-6.89842840805 107.60942942 76095
-6.89842840805 107.60942942 76101
-6.89842840805 107.60942942 76107
-6.89842840805 107.60942942 76113
-6.89842840805 107.60942942 76119
-6.89842840805 107.60942942 76125
-6.89842840805 107.60942942 76131
-6.89842840805 107.60942942 76137
-6.89842840805 107.60942942 76143
-6.89839277552 107.60942702 76149
-6.89813866384 107.609466263 76155
-6.8977112592 107.609525717 76161
-6.8972139072 107.609595783 76167
-6.8967569471 107.609571897 76173
-6.89625205067 107.60947619 76179
-6.89571901375 107.6092596 76185
-6.89522065745 107.608989843 76191
-6.89479508136 107.608684924 76197
-6.89433130976 107.608409677 76203
-6.89379035139 107.608359449 76209
-6.89326466382 107.608304318 76215
-6.89268952298 107.608161891 76221
-6.89212189707 107.608017651 76227
-6.89163654278 107.607960808 76233
-6.89104363537 107.607979184 76239
-6.89045395591 107.607992802 76245
-6.88990520209 107.608005084 76251
-6.88933770457 107.608028346 76257
-6.88878607727 107.608035217 76263
-6.88828857731 107.608050868 76269
-6.88786491263 107.60820104 76275
-6.88763480945 107.608515331 76281
-6.88763372986 107.608900928 76287
-6.88767206779 107.609394276 76293
-6.88769921721 107.609878124 76299
-6.88761242117 107.610343415 76305
-6.8874397799 107.61079114 76311
-6.8872693442 107.611153368 76317
-6.88692811576 107.611413253 76323
-6.88659542737 107.61151726 76329
-6.88628922284 107.611595501 76335
-6.88587533112 107.611607343 76341
-6.88533008505 107.611543829 76347
-6.88498075864 107.611515148 76353
-6.88490003463 107.611749649 76359
-6.88480427951 107.611844484 76365
-6.8844492422 107.61157564 76371
-6.88407985601 107.611301248 76377
-6.88378336376 107.611154503 76383
-6.88347911627 107.611169807 76389
-6.88335294686 107.61125789 76395
-6.88333509799 107.611470137 76401
-6.88333904036 107.611784088 76407
-6.88333156381 107.612060699 76413
-6.88333225658 107.612221581 76419
-6.88331248837 107.612339279 76425
-6.88331248837 107.612339279 76431
-6.88326550644 107.612266603 76437
-6.88326550644 107.612266603 76443
-6.88326550644 107.612266603 76449
-6.88326550644 107.612266603 76455
-6.88326550644 107.612266603 76461
-6.88326550644 107.612266603 76467
-6.88324198415 107.612271336 76473
-6.88325256281 107.612285009 76479
-6.88325256281 107.612285009 76485
-6.88325256281 107.612285009 76491
-6.88325256281 107.612285009 76497
-6.88325256281 107.612285009 76503
-6.88325256281 107.612285009 76509
-6.88325256281 107.612285009 76515
-6.88325256281 107.612285009 76523
-6.88327058268 107.612326306 76529
-6.88325476635 107.612334303 76535
-6.88325476635 107.612334303 76541
-6.88325476635 107.612334303 76547
-6.88325476635 107.612334303 76553
-6.88325476635 107.612334303 76559
-6.88325476635 107.612334303 76565
-6.88325476635 107.612334303 76571
-6.88317983025 107.612315581 76577
-6.88317983025 107.612315581 76583
-6.88317983025 107.612315581 76589
-6.88317983025 107.612315581 76595
-6.88317983025 107.612315581 76601
-6.88317983025 107.612315581 76607
-6.88317983025 107.612315581 76613
-6.88317983025 107.612315581 76619
-6.88317983025 107.612315581 76625
-6.88317983025 107.612315581 76631
-6.88317983025 107.612315581 76637
-6.88320680747 107.612307179 76643
-6.88320680747 107.612307179 76649
-6.88320680747 107.612307179 76655
-6.88320680747 107.612307179 76661
-6.88320680747 107.612307179 76667
-6.88320680747 107.612307179 76673
-6.88320680747 107.612307179 76679
-6.88320680747 107.612307179 76685
-6.88320680747 107.612307179 76691
-6.88320680747 107.612307179 76697
-6.88320680747 107.612307179 76703
-6.88320680747 107.612307179 76709
-6.88322778562 107.612309287 76715
-6.88322687941 107.612309781 76721
-6.88322589337 107.612310018 76727
-6.88322513325 107.612309288 76733
-6.88322504403 107.612309223 76739
-6.8832262483 107.612308147 76745
-6.88322663158 107.612308604 76751
-6.88322694679 107.612308101 76757
-6.88322807011 107.612305196 76763
-6.8832282955 107.612301503 76769
-6.88322856496 107.612300326 76775
-6.88322933469 107.612297988 76781
-6.88322848937 107.612296749 76787
-6.88323077708 107.612297187 76793
-6.88323187449 107.612297536 76799
-6.88323450759 107.612299493 76805
-6.883241005 107.612299784 76810
-6.8832410038 107.612300506 76816
-6.88324107409 107.612299791 76822
-6.88324105657 107.612297241 76828
-6.88324368595 107.612295636 76834
-6.88324482016 107.612295259 76840
-6.88324404107 107.612295972 76846
-6.88324284635 107.61229629 76852
-6.88324433126 107.612298957 76858
-6.88324435552 107.612299457 76864
-6.88324304199 107.612298779 76870
