1.3227125337 103.74710451 68412
1.32292109139 103.745309688 68433
1.32313483748 103.744775231 68439
1.32337075956 103.744184806 68445
1.32361577885 103.743589151 68451
1.32387893679 103.743042795 68457
1.32430444816 103.742454372 68463
1.32479888113 103.741777322 68469
1.3252902917 103.741060103 68475
1.32577135067 103.740360142 68481
1.32620828495 103.739674334 68487
1.32653142556 103.739080331 68493
1.32701186386 103.737892503 68504
1.32714002235 103.7369997 68510
1.32702900286 103.735529634 68521
1.32688855251 103.734852064 68527
1.32675027029 103.734192735 68533
1.3265943959 103.733507104 68539
1.32642507506 103.732787669 68545
1.32625007157 103.732058723 68551
1.32607755069 103.731321101 68557
1.32590344264 103.73056933 68563
1.32572487594 103.729854596 68569
1.32556347216 103.729321993 68575
1.32545873553 103.728976742 68581
1.32540975072 103.728822439 68587
1.32540975072 103.728822439 68593
1.32540975072 103.728822439 68599
1.32540975072 103.728822439 68605
1.32540975072 103.728822439 68611
1.3253709947 103.728663866 68617
1.32529090167 103.728247858 68623
1.32517747044 103.727648396 68629
1.32503784655 103.726949844 68635
1.32490333717 103.726331065 68641
1.32473765029 103.725740598 68647
1.32457427387 103.725102858 68653
1.32443238691 103.724460557 68659
1.32428677665 103.723822236 68665
1.32413568547 103.723179906 68671
1.32399819855 103.722533749 68677
1.32387822686 103.721922411 68683
1.32373817597 103.721310629 68689
1.32359414607 103.720748132 68695
1.32351001542 103.720405319 68701
1.32347954289 103.720292479 68707
1.32347954289 103.720292479 68713
1.32347954289 103.720292479 68719
1.32347954289 103.720292479 68725
1.32347954289 103.720292479 68731
1.32347954289 103.720292479 68737
1.32347954289 103.720292479 68743
1.32347954289 103.720292479 68749
1.32347954289 103.720292479 68755
1.32347954289 103.720292479 68761
1.32347954289 103.720292479 68767
1.3233751602 103.720123106 68773
1.32321194221 103.719865575 68779
1.32319787484 103.719660735 68785
1.32343469258 103.719522734 68791
1.32390526032 103.719435538 68797
1.32445572417 103.719344281 68803
1.32499447597 103.719253692 68809
1.32538421601 103.719177413 68815
1.32555267265 103.719146394 68821
1.32555267265 103.719146394 68843
1.32560765684 103.719123344 68849
1.32591624714 103.719183844 68855
1.32633545729 103.719319825 68861
1.32674368806 103.71954455 68867
1.32645764612 103.722024712 68946
1.32650827049 103.723273126 68962
1.32653127574 103.723644338 68968
1.32654637398 103.723759329 68974
1.32654637398 103.723759329 68980
1.32654637398 103.723759329 68986
1.32657462705 103.723767195 68997
1.32653271263 103.723800427 69003
1.32647485929 103.723856195 69009
1.32641650911 103.723981282 69025
1.32637926961 103.723706177 70228
1.32635342612 103.723622811 70234
1.32638503524 103.723595067 70240
1.32637663004 103.723445185 70261
1.32636624285 103.723358381 70267
1.32634288041 103.723073639 70288
1.32635469498 103.722831651 70309
1.32638242166 103.72282806 70315
1.32638420906 103.722837673 70347
1.32638364603 103.722829683 70353
1.32638198149 103.722827147 70359
1.32639200117 103.722832853 70365
1.3264728483 103.722853485 70371
1.32664785269 103.722859809 70382
1.32674428664 103.722855787 70388
1.3270084647 103.722874639 70409
1.32719749613 103.722864521 70425
1.32742664265 103.722779872 70446
1.32801636354 103.72284618 70489
1.32821427297 103.72290114 70505
1.33001813661 103.723127778 70636
1.33007808186 103.723139215 70642
1.33013473607 103.723155268 70648
1.3301850498 103.723207162 70654
1.3303874917 103.72323767 70670
1.33055273243 103.723286681 70681
1.33065845224 103.723335591 70687
1.33107902154 103.723437551 70714
1.33121702835 103.723476023 70725
1.33126836964 103.723504192 70731
1.33128258238 103.723501143 70737
1.33128584551 103.723515351 70743
1.33127811326 103.723527221 70754
1.33127427858 103.723528216 70760
1.33127693481 103.723529406 70766
1.33127677143 103.72352534 70772
1.33127638378 103.723525748 70778
1.33129377848 103.723548599 70784
1.33139362309 103.723544665 70790
1.33147692899 103.723521545 70796
1.33158247861 103.723500945 70802
1.33176795174 103.723471681 70818
1.33192404198 103.723453737 70829
1.33197566956 103.723445754 70835
1.33206377704 103.723454258 70841
1.33210930225 103.723463417 70847
1.33242747325 103.723452004 70868
1.33275253368 103.723389873 70889
1.33290943221 103.723316549 70900
1.33297528437 103.723290066 70906
1.33302677146 103.723274378 70912
1.33338542744 103.723181544 70939
1.33362647423 103.723098196 70955
1.33405031625 103.722916719 70992
1.33447779916 103.722778578 71029
1.33494192213 103.722583748 71066
1.33515606545 103.722506254 71082
1.33529768031 103.72245931 71093
1.33536792498 103.722423943 71099
1.33548034872 103.722359829 71110
