-6.23621149273 106.827141899 58071
-6.23621149273 106.827141899 58071
-6.23622226324 106.827142558 58078
-6.23622226324 106.827142558 58078
-6.2362192 106.8271414 58082
-6.2362192 106.8271414 58087
-6.2362192 106.8271414 58092
-6.23622432081 106.827123537 58096
-6.2362243 106.8271235 58099
-6.2362446562 106.827131341 58102
-6.2362326 106.8271267 58105
-6.23624449337 106.827132985 58108
-6.2362369 106.827129 58111
-6.2362369 106.827129 58116
-6.2362369 106.827129 58121
-6.23598856263 106.827563507 58134
-6.23534249535 106.828045852 58141
-6.23534249535 106.828045852 58141
-6.234890574 106.828481779 58147
-6.234890574 106.828481779 58147
-6.2346367815 106.828851674 58153
-6.2346367815 106.828851674 58153
-6.23444428659 106.829181644 58159
-6.23444428659 106.829181644 58159
-6.23426153868 106.829597732 58165
-6.23426153868 106.829597732 58165
-6.23406349795 106.830114994 58171
-6.23406349795 106.830114994 58171
-6.23385342634 106.830508757 58177
-6.23385342634 106.830508757 58177
-6.23349437075 106.831042566 58183
-6.23349437075 106.831042566 58183
-6.23300828901 106.831599809 58189
-6.23300828901 106.831599809 58189
-6.23237074657 106.83211245 58195
-6.23237074657 106.83211245 58195
-6.23164386336 106.832502637 58201
-6.23164386336 106.832502637 58201
-6.23092713954 106.832753081 58207
-6.23092713954 106.832753081 58207
-6.23033717813 106.832955589 58213
-6.23033717813 106.832955589 58213
-6.2282559148 106.833070059 58241
-6.22808854044 106.833070144 58242
-6.22681840859 106.832924005 58248
-6.22681840859 106.832924005 58248
-6.22622422774 106.83253875 58254
-6.22622422774 106.83253875 58254
-6.22575654986 106.832731497 58260
-6.22575654986 106.832731497 58260
-6.22520152548 106.832796958 58266
-6.22520152548 106.832796958 58266
-6.22464582089 106.83278621 58272
-6.22464582089 106.83278621 58272
-6.22393335184 106.832719356 58278
-6.22393335184 106.832719356 58278
-6.22311508438 106.832537883 58284
-6.22311508438 106.832537883 58284
-6.22231821121 106.832341497 58290
-6.22231821121 106.832341497 58290
-6.22153214932 106.832125538 58296
-6.22153214932 106.832125538 58296
-6.22071566617 106.831902927 58302
-6.22071566617 106.831902927 58302
-6.21990707475 106.831543878 58308
-6.21990707475 106.831543878 58308
-6.21922024194 106.831285245 58314
-6.21847300204 106.83105825 58320
-6.21847300204 106.83105825 58320
-6.2176263677 106.830827591 58326
-6.2176263677 106.830827591 58326
-6.2168095482 106.830619335 58332
-6.2168095482 106.830619335 58332
-6.21604379065 106.83053601 58338
-6.21604379065 106.83053601 58338
-6.2152644159 106.83049736 58344
-6.2152644159 106.83049736 58344
-6.21465614826 106.830465661 58350
-6.21465614826 106.830465661 58350
-6.21416617383 106.830430837 58356
-6.21416617383 106.830430837 58356
-6.21371360758 106.83039537 58362
-6.21371360758 106.83039537 58362
-6.21342310235 106.830377605 58368
-6.21342310235 106.830377605 58368
-6.21326784263 106.830373367 58374
-6.21326784263 106.830373367 58374
-6.21291213436 106.830355534 58380
-6.21254416226 106.830347679 58386
-6.21254416226 106.830347679 58386
-6.21231424102 106.830379688 58392
-6.21231424102 106.830379688 58392
-6.2123376681 106.830488892 58398
-6.2123376681 106.830488892 58398
-6.21259464839 106.830507576 58404
-6.21259464839 106.830507576 58404
-6.21304761995 106.830534175 58410
-6.21304761995 106.830534175 58410
-6.21359504011 106.83058113 58416
-6.21359504011 106.83058113 58416
-6.21422219776 106.830635731 58422
-6.21422219776 106.830635731 58422
-6.2149526495 106.830702635 58428
-6.2149526495 106.830702635 58428
-6.2157546981 106.830760097 58434
-6.21654432191 106.830831075 58440
-6.21654432191 106.830831075 58440
-6.21667106345 106.830846313 58441
-6.2166711 106.8308463 58439
-6.21746679481 106.830997879 58448
-6.21746679481 106.830997879 58448
-6.21797450523 106.831132761 58454
-6.21797450523 106.831132761 58454
-6.21847211842 106.831292051 58460
-6.21847211842 106.831292051 58460
-6.21902615508 106.831489706 58466
-6.21902615508 106.831489706 58466
-6.2195426966 106.831686324 58472
-6.2195426966 106.831686324 58472
-6.21995984702 106.831877827 58478
-6.22028127981 106.832043885 58484
-6.22028127981 106.832043885 58484
-6.22049963868 106.832121569 58495
-6.22049963868 106.832121569 58495
-6.22064962128 106.832167378 58502
-6.22064962128 106.832167378 58502
-6.22086669944 106.832223004 58509
-6.22086669944 106.832223004 58509
-6.22109870465 106.832281592 58515
-6.22109870465 106.832281592 58515
-6.22114092887 106.832347499 58521
-6.22114092887 106.832347499 58521
-6.22114391888 106.832361692 58527
-6.22114391888 106.832361692 58527
-6.22116157038 106.832412078 58533
-6.22116157038 106.832412078 58533
