-6.2362433 106.8075665 75717
-6.236242 106.8075656 75729
-6.236242 106.8075656 75734
-6.236242 106.8075656 75739
-6.2348518 106.8076442 75746
-6.23431584058 106.807605035 75754
-6.23431584058 106.807605035 75754
-6.2343158 106.807605 75757
-6.23338479916 106.807596037 75766
-6.23338479916 106.807596037 75766
-6.23287127687 106.807606279 75772
-6.23287127687 106.807606279 75772
-6.23235814029 106.807613175 75778
-6.23235814029 106.807613175 75778
-6.23186132448 106.807607635 75784
-6.23186132448 106.807607635 75784
-6.23136111756 106.807601048 75790
-6.23136111756 106.807601048 75790
-6.23088800218 106.807595135 75796
-6.23088800218 106.807595135 75796
-6.2305080011 106.807523972 75802
-6.2305080011 106.807523972 75802
-6.23038289618 106.8071718 75808
-6.23038289618 106.8071718 75808
-6.23019709784 106.806645999 75814
-6.23019709784 106.806645999 75814
-6.23003628631 106.80616466 75820
-6.23003628631 106.80616466 75820
-6.22983130262 106.805634712 75826
-6.2296505249 106.805072014 75832
-6.2296505249 106.805072014 75832
-6.22951754416 106.80451984 75838
-6.22939762698 106.803865841 75844
-6.22939762698 106.803865841 75844
-6.22931999749 106.803263835 75850
-6.22931999749 106.803263835 75850
-6.22928514049 106.80268915 75856
-6.22928514049 106.80268915 75856
-6.22925085177 106.802075631 75862
-6.22925085177 106.802075631 75862
-6.22926032587 106.801486496 75868
-6.22926032587 106.801486496 75868
-6.2292895345 106.800970002 75874
-6.2292895345 106.800970002 75874
-6.2292895 106.80097 75876
-6.22949380654 106.80034946 75884
-6.22949380654 106.80034946 75884
-6.2294894 106.8003628 75883
-6.22948956882 106.800293525 75891
-6.22948956882 106.800293525 75891
-6.2294896 106.8003055 75890
-6.22948956882 106.800293525 75898
-6.22948956882 106.800293525 75898
-6.22948956882 106.800293525 75904
-6.22948956882 106.800293525 75904
-6.22948956882 106.800293525 75910
-6.22948956882 106.800293525 75910
-6.22949252656 106.800270591 75916
-6.22949252656 106.800270591 75916
-6.22949420428 106.8002681 75922
-6.22949420428 106.8002681 75922
-6.22949444846 106.800267577 75928
-6.22949444846 106.800267577 75928
-6.22949478435 106.800268297 75934
-6.22949478435 106.800268297 75934
-6.22949560796 106.800270712 75940
-6.22949560796 106.800270712 75940
-6.22949406999 106.800272696 75946
-6.22949406999 106.800272696 75946
-6.22949453348 106.800272894 75952
-6.22949453348 106.800272894 75952
-6.22949575608 106.80027368 75958
-6.22949575608 106.80027368 75958
-6.22949631019 106.800275974 75964
-6.22949780987 106.800276999 75970
-6.22949780987 106.800276999 75970
-6.22949882255 106.800276938 75976
-6.22949882255 106.800276938 75976
-6.22949992216 106.800277703 75982
-6.22950242423 106.800279083 75988
-6.22950242423 106.800279083 75988
-6.22950395787 106.800280782 75994
-6.22950395787 106.800280782 75994
-6.22947168478 106.800202446 76000
-6.22947168478 106.800202446 76000
-6.2292619565 106.799925045 76006
-6.2292619565 106.799925045 76006
-6.22893025007 106.799760068 76012
-6.22893025007 106.799760068 76012
-6.2286834642 106.799891299 76018
-6.2286834642 106.799891299 76018
-6.22838309641 106.80019872 76024
-6.22838309641 106.80019872 76024
-6.22804463748 106.800583226 76030
-6.22804463748 106.800583226 76030
-6.22769668256 106.801028136 76036
-6.22769668256 106.801028136 76036
-6.2273514994 106.801502898 76042
-6.2273514994 106.801502898 76042
-6.22691770927 106.802085024 76048
-6.22691770927 106.802085024 76048
-6.22644383928 106.802693896 76054
-6.22644383928 106.802693896 76054
-6.22599833113 106.803245541 76060
-6.22599833113 106.803245541 76060
-6.22564074239 106.803706455 76066
-6.22564074239 106.803706455 76066
-6.22533395564 106.804104354 76072
-6.22533395564 106.804104354 76072
-6.2251591954 106.804320809 76078
-6.2251591954 106.804320809 76078
-6.22503447185 106.80445816 76084
-6.22503447185 106.80445816 76084
-6.22490555951 106.804594499 76090
-6.22490555951 106.804594499 76090
-6.22475978274 106.804652437 76096
-6.22455150947 106.804471602 76102
-6.22455150947 106.804471602 76102
-6.22451531265 106.804443826 76108
-6.22451531265 106.804443826 76108
-6.22430881813 106.804284201 76114
-6.22430881813 106.804284201 76114
-6.22386347103 106.803889791 76120
-6.22386347103 106.803889791 76120
-6.22330798942 106.803435889 76126
-6.22330798942 106.803435889 76126
-6.22270384405 106.802940819 76132
-6.22270384405 106.802940819 76132
-6.22229302498 106.802282317 76138
-6.22229302498 106.802282317 76138
-6.22201307143 106.801551003 76144
-6.22201307143 106.801551003 76144
-6.2220131 106.801551 76146
-6.22159038386 106.800484283 76154
-6.22159038386 106.800484283 76154
-6.22137670123 106.799916839 76160
-6.22137670123 106.799916839 76160
-6.22115150503 106.799284924 76166
-6.22115150503 106.799284924 76166
-6.22091710685 106.798688484 76172
-6.22091710685 106.798688484 76172
-6.2207395039 106.798268714 76178
-6.2207395039 106.798268714 76178
-6.22074142548 106.798250177 76184
-6.22074142548 106.798250177 76184
-6.22074142548 106.798250177 76190
-6.22074142548 106.798250177 76190
-6.22077795884 106.798297258 76196
-6.22077795884 106.798297258 76196
-6.22077795884 106.798297258 76202
-6.22077795884 106.798297258 76202
-6.22077795884 106.798297258 76208
-6.22077795884 106.798297258 76208
-6.22077795884 106.798297258 76214
-6.22077795884 106.798297258 76214
-6.22077795884 106.798297258 76220
-6.22077795884 106.798297258 76220
-6.22077795884 106.798297258 76226
-6.22077795884 106.798297258 76226
-6.22077795884 106.798297258 76232
-6.22077795884 106.798297258 76232
-6.22077795884 106.798297258 76238
-6.22077795884 106.798297258 76238
-6.22077795884 106.798297258 76244
-6.22077795884 106.798297258 76244
-6.22077795884 106.798297258 76250
-6.22077795884 106.798297258 76250
-6.22077795884 106.798297258 76261
-6.22077795884 106.798297258 76261
-6.22077795884 106.798297258 76268
-6.22077795884 106.798297258 76268
-6.2208074219 106.79833185 76274
-6.2208074219 106.79833185 76274
-6.2208074219 106.79833185 76280
-6.2208074219 106.79833185 76280
-6.2208074219 106.79833185 76286
-6.2208074219 106.79833185 76286
-6.2208074219 106.79833185 76292
-6.2208074219 106.79833185 76292
-6.2208074219 106.79833185 76298
-6.2208074219 106.79833185 76298
-6.2208074219 106.79833185 76304
-6.2208074219 106.79833185 76304
-6.2208074219 106.79833185 76310
-6.2208074219 106.79833185 76310
-6.2208074219 106.79833185 76316
-6.2208074219 106.79833185 76316
-6.22077713368 106.79825824 76322
-6.22077713368 106.79825824 76322
-6.22048541193 106.798069459 76328
-6.22048541193 106.798069459 76328
-6.21997358726 106.798054384 76334
-6.21997358726 106.798054384 76334
-6.2193610203 106.79810262 76341
-6.2193610203 106.79810262 76341
-6.2187051982 106.798136422 76347
-6.2187051982 106.798136422 76347
-6.21785608977 106.798153442 76353
-6.21785608977 106.798153442 76353
-6.21696949357 106.798114105 76359
-6.21696949357 106.798114105 76359
-6.21608640831 106.798082911 76365
-6.21608640831 106.798082911 76365
-6.21534923758 106.797978884 76371
-6.21534923758 106.797978884 76371
-6.21488548442 106.797922044 76377
-6.21488548442 106.797922044 76377
-6.21466003505 106.797927168 76383
-6.21466003505 106.797927168 76383
-6.21426351567 106.797919601 76389
-6.21426351567 106.797919601 76389
-6.2142635 106.7979196 76391
-6.21317550353 106.79772655 76399
-6.21317550353 106.79772655 76399
-6.21241043447 106.797318295 76406
-6.21241043447 106.797318295 76406
-6.21175358769 106.796948002 76413
-6.21175358769 106.796948002 76413
-6.211302641 106.796782022 76419
-6.211302641 106.796782022 76419
-6.2113026 106.796782 76421
-6.21060783425 106.796648679 76429
-6.21060783425 106.796648679 76429
-6.21020423489 106.796573469 76435
-6.20988601779 106.796536303 76441
-6.20988601779 106.796536303 76441
-6.20976587424 106.796514905 76446
-6.20976587424 106.796514905 76446
-6.2096534673 106.7964954 76452
-6.2096534673 106.7964954 76452
-6.20949499304 106.796465839 76458
-6.20949499304 106.796465839 76458
-6.20914812523 106.796405609 76464
-6.20914812523 106.796405609 76464
-6.20885406372 106.79637543 76470
-6.20885406372 106.79637543 76470
-6.20861532303 106.796338736 76476
-6.20861532303 106.796338736 76476
-6.20837973971 106.796307793 76482
-6.20837973971 106.796307793 76482
-6.20815300567 106.796274074 76488
-6.20815300567 106.796274074 76488
-6.20792830882 106.796257642 76494
-6.20792830882 106.796257642 76494
-6.2077027835 106.796232452 76500
-6.2077027835 106.796232452 76500
-6.20759303386 106.796179022 76506
-6.20759303386 106.796179022 76506
-6.20763117033 106.795926918 76512
-6.20763117033 106.795926918 76512
-6.20767054379 106.795571837 76518
-6.20767054379 106.795571837 76518
-6.20770904483 106.795068948 76524
-6.20770904483 106.795068948 76524
-6.20773541987 106.794647683 76530
-6.20773541987 106.794647683 76530
-6.20777111654 106.79426383 76536
-6.20780006671 106.79399769 76542
-6.20780006671 106.79399769 76542
-6.20780720476 106.793646318 76548
-6.20780720476 106.793646318 76548
-6.20782526938 106.793172119 76554
-6.20782526938 106.793172119 76554
-6.20784455395 106.792768501 76560
-6.20784455395 106.792768501 76560
-6.20786318964 106.792575259 76566
-6.20786318964 106.792575259 76566
-6.20784993344 106.792428596 76572
-6.20784993344 106.792428596 76572
-6.20782227974 106.792282722 76578
-6.20782227974 106.792282722 76578
-6.2077953711 106.7921698 76584
-6.2077953711 106.7921698 76584
-6.20773927636 106.791875909 76590
-6.20773927636 106.791875909 76590
-6.20767392521 106.791530872 76596
-6.20767392521 106.791530872 76596
-6.20762791694 106.791270777 76602
-6.20762791694 106.791270777 76602
-6.2075762156 106.791013313 76608
-6.2075762156 106.791013313 76608
-6.20755002114 106.790898814 76614
-6.20755002114 106.790898814 76614
-6.20752518528 106.790780799 76620
-6.20752518528 106.790780799 76620
