-6.20784039298 106.797011467 57042
-6.20769390189 106.797094531 57047
-6.20736064548 106.797224094 57052
-6.20691398467 106.797462634 57058
-6.20655763962 106.797683499 57063
-6.20612558511 106.797912528 57069
-6.2056946544 106.798130136 57075
-6.20529652925 106.798425471 57081
-6.20488757166 106.798870596 57087
-6.20455018687 106.799439055 57093
-6.2043138562 106.799958186 57098
-6.20403361416 106.800466271 57104
-6.20380799426 106.80085333 57110
-6.20376849225 106.800978574 57116
-6.20376849225 106.800978574 57122
-6.20376849225 106.800978574 57128
-6.20376849225 106.800978574 57134
-6.20387154484 106.801735777 57222
-6.20371422457 106.802064305 57228
-6.20345774045 106.802559791 57234
-6.20329631069 106.802996157 57240
-6.20316350554 106.803394399 57245
-6.2031550712 106.803901119 57251
-6.20330278641 106.804380312 57257
-6.20353936033 106.804763546 57263
-6.20377002269 106.805081891 57269
-6.20363706935 106.805415201 57275
-6.20329029812 106.805735387 57281
-6.20291158458 106.806084653 57287
-6.2025899221 106.806381636 57293
-6.20236834867 106.806578244 57299
-6.20213134531 106.806816545 57305
-6.20185374257 106.80709061 57310
-6.2015970478 106.807463165 57315
-6.20144161504 106.808036971 57321
-6.2013976259 106.808557079 57326
-6.20135317169 106.809017559 57332
-6.20133911478 106.8093537 57338
-6.20133034675 106.809452078 57343
-6.20132607557 106.809510655 57349
-6.2013264755 106.809529921 57355
-6.20132769419 106.80974333 57361
-6.20131657194 106.810154779 57367
-6.20132368426 106.810568017 57373
-6.20132651892 106.811177017 57379
-6.20126418642 106.811778799 57385
-6.20118810824 106.812382503 57391
-6.20114411401 106.812888845 57397
-6.20111302813 106.813266679 57403
-6.2010856798 106.813448816 57409
-6.2010856798 106.813448816 57415
-6.20107451758 106.813621555 57424
-6.20106316677 106.813896397 57430
-6.2010686503 106.814185197 57436
-6.20108012963 106.81432163 57441
-6.2010860904 106.81440632 57446
-6.2010841046 106.814499028 57452
-6.20109778135 106.814679612 57458
-6.2011112521 106.814801451 57464
-6.20113250615 106.814913885 57470
-6.20125675882 106.815546043 57481
-6.20134877526 106.81605863 57487
-6.20149199184 106.816777672 57493
-6.20168062619 106.817570417 57499
-6.20187692513 106.818375195 57505
-6.20204868284 106.819088723 57511
-6.20219315113 106.819760499 57517
-6.20235663121 106.820421357 57523
-6.20249587908 106.82103484 57529
-6.20262394472 106.821492318 57534
-6.20274194486 106.82188438 57540
-6.20295339255 106.822239779 57546
-6.20303872003 106.822488612 57552
-6.20316095244 106.822837945 57558
-6.20318002642 106.823152483 57564
-6.20318858842 106.823473028 57569
-6.20326811347 106.823885048 57574
-6.20337617901 106.82437892 57580
-6.20344101017 106.824731701 57586
-6.20350991625 106.824965791 57591
-6.20372136673 106.825082662 57597
