-6.88322762312 107.612575767 54647
-6.88322597377 107.61257612 54653
-6.88322483238 107.612575963 54659
-6.88322401101 107.612574947 54665
-6.88323885408 107.612581164 54671
-6.883257238 107.612592576 54677
-6.8832821108 107.612608138 54683
-6.88329560135 107.612578161 54689
-6.88329885569 107.612556739 54695
-6.8833008153 107.612556081 54701
-6.88330096588 107.612555751 54707
-6.88329543964 107.612556085 54713
-6.88328633811 107.612555213 54719
-6.88328902737 107.612554242 54725
-6.88331008363 107.612529885 54731
-6.88331641385 107.612528333 54737
-6.88331577509 107.612529531 54743
-6.88331682037 107.612532088 54749
-6.88331281301 107.612547487 54755
-6.88331924942 107.6125752 54761
-6.8833239017 107.612590445 54767
-6.88332295724 107.612581777 54773
-6.88333191922 107.612552096 54779
-6.88336519085 107.612537042 54785
-6.88333849067 107.612501879 54792
-6.88330646067 107.612489826 54802
-6.88323042101 107.612478087 54808
-6.88319978728 107.612488573 54814
-6.8831963206 107.612484148 54820
-6.88318580598 107.612457462 54826
-6.88317724454 107.612478041 54832
-6.88314888839 107.61246979 54838
-6.88315411365 107.612439522 54844
-6.88317790973 107.612446108 54850
-6.88318554885 107.612447738 54856
-6.88318287918 107.612443971 54862
-6.88318697473 107.612445037 54868
-6.88334753998 107.612488932 54874
-6.88338004651 107.612295416 54880
-6.88339552909 107.612092238 54886
-6.88340647447 107.611835702 54892
-6.88338965499 107.611572022 54898
-6.88340562409 107.611387901 54904
-6.8834522186 107.611348511 54910
-6.88368300871 107.61137227 54916
-6.8839380958 107.611476017 54922
-6.8842099408 107.611675724 54928
-6.88446000944 107.611853357 54934
-6.88472139939 107.612047841 54940
-6.88492685353 107.612215516 54946
-6.88504522304 107.612479222 54952
-6.88510273066 107.612682192 54958
-6.88513046288 107.612844586 54964
-6.88513814603 107.612900473 54970
-6.88514543807 107.612966842 54976
-6.88514349179 107.613036244 54982
-6.88514881639 107.613077718 54988
-6.88514881639 107.613077718 54994
-6.88514881639 107.613077718 55000
-6.88514881639 107.613077718 55006
-6.88514881639 107.613077718 55012
-6.88514881639 107.613077718 55018
-6.88515432343 107.613160394 55024
-6.88516415505 107.61332778 55030
-6.88518845032 107.613591429 55036
-6.88526102509 107.613958076 55042
-6.88530815042 107.614147887 55048
-6.88534539518 107.614254953 55054
-6.88538184301 107.614327659 55060
-6.88544829828 107.614448268 55066
-6.8857597417 107.614674359 55072
-6.88613326689 107.614800402 55078
-6.88647039491 107.614924188 55084
-6.8868446133 107.615055246 55090
-6.88726732174 107.615197901 55096
-6.88757107823 107.615302841 55102
-6.88783848008 107.615398518 55108
-6.88827504776 107.615554923 55114
-6.88881690611 107.615743024 55120
-6.88931992708 107.615964543 55126
-6.88973857421 107.616225675 55132
-6.89006509177 107.616484648 55138
-6.89037782268 107.616712801 55144
-6.89055434543 107.616862942 55150
-6.89075962486 107.616974972 55156
-6.89091471806 107.617076622 55162
-6.89099983823 107.617131879 55168
-6.89099983823 107.617131879 55174
-6.89103951901 107.617149123 55180
-6.89112233305 107.617195018 55186
-6.8912000662 107.617238451 55192
-6.89140365913 107.617342338 55198
-6.89166296188 107.617463543 55204
-6.89192784911 107.617603889 55210
-6.89216977965 107.617758783 55216
-6.89247543456 107.617918884 55222
-6.89291123061 107.617971342 55228
-6.89342000939 107.61799918 55234
-6.893878045 107.617962785 55240
-6.89416693547 107.617775223 55246
-6.89444548124 107.617595834 55252
-6.89464611995 107.617484838 55258
-6.89481633164 107.617421607 55264
-6.89507518888 107.617256057 55270
-6.89543224469 107.617006318 55276
-6.89574116097 107.616787633 55282
-6.89597641576 107.616634673 55288
-6.89594868968 107.616742055 55294
-6.89591356184 107.616765037 55300
-6.89591356184 107.616765037 55306
-6.89591356184 107.616765037 55312
-6.89591356184 107.616765037 55318
-6.89591356184 107.616765037 55324
-6.89591356184 107.616765037 55330
-6.89590181661 107.616652508 55341
-6.89592649713 107.616660931 55347
-6.89595786108 107.616684009 55353
-6.89595786108 107.616684009 55359
-6.89595786108 107.616684009 55365
-6.89595786108 107.616684009 55371
-6.89595786108 107.616684009 55377
-6.89595786108 107.616684009 55383
-6.89595786108 107.616684009 55389
-6.89595786108 107.616684009 55395
-6.89595786108 107.616684009 55401
-6.89595786108 107.616684009 55407
-6.89595786108 107.616684009 55413
-6.89595786108 107.616684009 55419
-6.89585624717 107.616807928 55589
-6.89585624717 107.616807928 55595
-6.89585624717 107.616807928 55601
-6.89585624717 107.616807928 55607
-6.89585624717 107.616807928 55613
-6.89585624717 107.616807928 55619
-6.89594038277 107.616841484 55625
-6.89594038277 107.616841484 55631
-6.89594038277 107.616841484 55637
-6.89594038277 107.616841484 55643
-6.89594038277 107.616841484 55649
-6.89594038277 107.616841484 55655
-6.89594038277 107.616841484 55661
-6.89594038277 107.616841484 55667
-6.89594038277 107.616841484 55673
-6.89594038277 107.616841484 55679
-6.89594038277 107.616841484 55685
-6.89594038277 107.616841484 55691
-6.89594038277 107.616841484 55697
-6.89594038277 107.616841484 55703
-6.89594038277 107.616841484 55709
-6.89594038277 107.616841484 55715
-6.89594038277 107.616841484 55721
-6.89594038277 107.616841484 55727
-6.89594038277 107.616841484 55733
-6.89594038277 107.616841484 55739
-6.89594038277 107.616841484 55745
-6.89594038277 107.616841484 55751
-6.89590192647 107.616830664 55757
-6.89590195972 107.616835248 55763
-6.89590097587 107.616844107 55769
-6.89590087823 107.616844568 55775
-6.8959027837 107.616845719 55781
-6.89590251067 107.616843175 55787
-6.89589301889 107.616826525 55793
-6.89591223777 107.616815702 55799
-6.89591466763 107.616806839 55805
