-6.58993603623 107.418916624 68404
-6.59070315131 107.418866715 68410
-6.5913858973 107.418512746 68416
-6.59185710263 107.417886981 68422
-6.59221247749 107.417171571 68428
-6.59255334164 107.416448284 68434
-6.59293358195 107.415745922 68440
-6.59341978902 107.415104399 68446
-6.59396594563 107.414516718 68452
-6.59450715647 107.413919482 68458
-6.59506644497 107.413337312 68464
-6.59571901108 107.412852957 68470
-6.59639552215 107.412410837 68476
-6.597017733 107.411885841 68482
-6.59765599936 107.411377262 68488
-6.59830446635 107.410921354 68494
-6.59889962061 107.410429786 68500
-6.59947998211 107.409927268 68506
-6.600165037 107.409584735 68512
-6.60092376896 107.409448687 68518
-6.60169685839 107.40941447 68524
-6.60247019224 107.409384706 68530
-6.6032437161 107.409374685 68536
-6.60402312197 107.409384879 68542
-6.60480297326 107.409392787 68548
-6.60558240426 107.409400339 68554
-6.60636252052 107.409408743 68560
-6.60714389524 107.409396678 68566
-6.60792184146 107.409305982 68572
-6.60869300549 107.409156613 68578
-6.60945049368 107.408955542 68584
-6.61018795286 107.408678712 68590
-6.61091593651 107.408377304 68596
-6.61164072196 107.408073774 68602
-6.61237276356 107.407766454 68608
-6.61310534033 107.407456315 68614
-6.6138186059 107.407155943 68620
-6.61451479915 107.40686546 68626
-6.61518770555 107.406560968 68632
-6.61581324437 107.406184173 68638
-6.61642926945 107.405771093 68644
-6.61705701658 107.405353561 68650
-6.6176885902 107.404929496 68656
-6.61831718287 107.404504766 68662
-6.61894798275 107.404090895 68668
-6.61956897144 107.403672986 68674
-6.62018385694 107.403259416 68680
-6.62078861856 107.402848985 68686
-6.62138471839 107.402446947 68692
-6.62197023755 107.402041244 68698
-6.62255971046 107.401640016 68704
-6.62315949297 107.401235124 68710
-6.62376734572 107.400823709 68716
-6.6243879196 107.400404703 68722
-6.62503124209 107.399978001 68728
-6.62568029715 107.399533923 68734
-6.62633956853 107.399102814 68740
-6.62698884125 107.398672216 68746
-6.62762957954 107.3982257 68752
-6.62821403781 107.397711626 68758
-6.62870456675 107.397102748 68764
-6.62912572971 107.396437359 68770
-6.62953850878 107.395762458 68776
-6.62994963432 107.395085665 68782
-6.63036063383 107.394404485 68788
-6.63077320851 107.393720013 68794
-6.63117763216 107.39304617 68800
-6.63158135068 107.392387965 68806
-6.63207832195 107.391822254 68812
-6.63271495575 107.391475131 68818
-6.63345011138 107.39144588 68824
-6.63419288711 107.391535326 68830
-6.63491340193 107.391373108 68836
-6.63556738558 107.390992623 68842
-6.63628086728 107.390710376 68848
-6.63705787188 107.39073936 68854
-6.63780292936 107.390990769 68860
-6.63854506657 107.391230854 68866
-6.63930892256 107.391269517 68872
-6.6400693142 107.391252246 68878
-6.6408404592 107.391234805 68884
-6.64162616487 107.391214064 68891
-6.64241643948 107.391174784 68897
-6.64319606295 107.391134847 68903
-6.64394157652 107.391044157 68909
-6.64458604388 107.390698843 68915
-6.64509953056 107.390172275 68921
-6.64567596296 107.389691645 68927
-6.64637690525 107.389410098 68933
-6.64714943545 107.389404747 68939
-6.64788595227 107.389655823 68945
-6.64849904058 107.390140592 68951
-6.64896876823 107.390763527 68957
-6.64941543745 107.391406156 68963
-6.64990581378 107.392021873 68969
-6.65051990949 107.392514836 68975
-6.65124431063 107.392866825 68981
-6.65201221714 107.393126694 68987
-6.65276825044 107.393376204 68993
-6.65352867575 107.393542951 68999
-6.6542961401 107.393582561 69005
-6.65506802044 107.393600303 69011
-6.65584613633 107.393622204 69017
-6.65659614009 107.393841859 69023
-6.65720107598 107.39434606 69029
-6.65751258366 107.395075743 69035
-6.65764227104 107.395858688 69041
-6.65802693162 107.396547433 69047
-6.65868058728 107.396982377 69053
-6.65945242954 107.397087625 69059
-6.66019743985 107.396852193 69065
-6.66085989156 107.39641598 69071
-6.66152009166 107.395962394 69077
-6.66220941021 107.395546075 69083
-6.66299310656 107.395399029 69089
-6.66377219716 107.39562139 69095
-6.66440931047 107.396133777 69101
-6.66500497285 107.396690554 69107
-6.66571752609 107.397037926 69113
-6.66649924868 107.39709216 69119
-6.66726850352 107.397065848 69125
-6.668020962 107.397050701 69131
-6.66876677136 107.397036975 69137
-6.66952326302 107.397064769 69143
-6.67022823824 107.397352742 69149
-6.67085422183 107.397802748 69155
-6.67158172766 107.398032914 69161
-6.67234096916 107.397926172 69167
-6.67301607023 107.397559831 69173
-6.67349532609 107.396924209 69179
-6.67368607365 107.396152141 69185
-6.67384790849 107.395379144 69191
-6.67405391554 107.394617756 69197
-6.67451091783 107.393996611 69203
-6.67515511417 107.393607853 69209
-6.67588596453 107.393518709 69215
-6.67658363547 107.393697134 69221
-6.67715043955 107.394141743 69227
-6.67762703227 107.394691235 69233
-6.67810563796 107.395248705 69239
-6.67858751069 107.395812922 69245
-6.67907654048 107.396382395 69251
-6.6795703356 107.396960008 69257
-6.68007154988 107.397541949 69263
-6.6805731377 107.398125175 69269
-6.68107898068 107.398709907 69275
-6.6816438624 107.399240903 69281
-6.68233481938 107.399597873 69287
-6.68310959583 107.399736095 69293
-6.68388820011 107.399632962 69299
-6.68459267238 107.399320876 69305
-6.68517215007 107.398821392 69311
-6.68570130333 107.398255065 69317
-6.68624040411 107.397677811 69323
-6.68678333102 107.397097587 69329
-6.68733608048 107.39654438 69335
-6.68804151898 107.396255244 69341
-6.68879195158 107.396274875 69347
-6.68947541598 107.39659348 69353
-6.6900529525 107.397072333 69359
-6.69064780352 107.397528312 69365
-6.69132325038 107.397863451 69371
-6.69204779144 107.398020175 69377
-6.69280020606 107.398030215 69383
-6.69355431141 107.397911446 69389
-6.69431371162 107.397806976 69395
-6.69508168271 107.397702738 69401
-6.69585498564 107.397603035 69407
-6.69663325021 107.397508638 69413
-6.69741524657 107.397594595 69419
-6.69809307079 107.397994064 69425
-6.69866628494 107.398538219 69431
-6.69929454457 107.399006551 69437
-6.70005055001 107.399188393 69443
-6.70080897499 107.399007131 69449
-6.70143388085 107.398522566 69455
-6.70187293451 107.397850137 69461
-6.70228922889 107.397154307 69467
-6.70271300294 107.39645422 69473
-6.70314053351 107.395757261 69479
-6.7035572463 107.395073431 69485
-6.7039241055 107.394379558 69491
-6.70418890745 107.393637321 69497
-6.70431592967 107.392849702 69503
-6.70441847359 107.392049888 69509
-6.70451945681 107.391247262 69515
-6.70462897674 107.390443254 69521
-6.70487218301 107.389661518 69527
-6.70531664223 107.388987515 69533
-6.70593554363 107.388495631 69539
-6.70666510197 107.388199647 69545
-6.70744983185 107.388121234 69551
-6.70821578774 107.38828432 69557
-6.70891037104 107.388619775 69563
-6.70961165789 107.388891903 69569
-6.71034818325 107.388902817 69575
-6.71101503484 107.388608307 69581
-6.71154712539 107.387960239 69588
-6.71172377723 107.387260556 69594
-6.71167873903 107.386534329 69600
-6.71165103355 107.385792576 69606
-6.71188931278 107.385092916 69612
-6.71236797105 107.384527009 69618
-6.7130317711 107.384213758 69624
-6.71377073582 107.384202309 69630
-6.71445941425 107.384491179 69636
-6.71497429787 107.385037922 69642
-6.71522675514 107.385758392 69648
-6.71517099531 107.386522713 69654
-6.71483757498 107.387204562 69660
-6.71448005954 107.387853889 69666
-6.71433223393 107.388557961 69672
-6.71446556688 107.389253963 69678
-6.71482618332 107.389873438 69684
-6.71524441082 107.390474372 69690
-6.71567078253 107.391091102 69696
-6.7161297684 107.391704578 69702
-6.71659499025 107.392298855 69708
-6.71718895708 107.392726848 69714
-6.71789058299 107.392891734 69720
-6.7185833809 107.392709158 69726
-6.71914651733 107.392250553 69732
-6.71960376019 107.391653249 69738
-6.72006043182 107.39104244 69744
-6.72052015495 107.390421445 69750
-6.72101185033 107.389840819 69756
-6.72166631379 107.389443307 69762
-6.72243415094 107.389366914 69768
-6.72318268298 107.389583778 69774
-6.72390859211 107.389856665 69780
-6.72458413415 107.390228022 69786
-6.72513710737 107.390769895 69792
-6.72551937327 107.391457383 69798
-6.72578352524 107.39221118 69804
-6.72603772371 107.392971966 69810
-6.72630879869 107.393726285 69816
-6.72671941928 107.394405527 69822
-6.72730512694 107.39493657 69828
-6.72802551735 107.395268504 69834
-6.72881576134 107.39538568 69840
-6.72962542311 107.395393389 69846
-6.73044119466 107.395391525 69852
-6.73125738111 107.395397996 69858
-6.73205980478 107.395404408 69864
-6.7328463778 107.395404882 69870
-6.73361110941 107.395449044 69876
-6.73432167964 107.395690107 69882
-6.73492394428 107.396115711 69888
-6.7353626792 107.396698142 69894
-6.73565281542 107.397366726 69900
-6.73592312792 107.398046213 69906
-6.73617394379 107.398747667 69912
-6.73642337478 107.399461859 69918
-6.73667143446 107.400166847 69924
-6.73703731461 107.400787732 69930
-6.73759677938 107.401210454 69936
-6.7382755375 107.401380888 69942
-6.73898045262 107.401353962 69948
-6.73969467184 107.401328567 69954
-6.74037605571 107.401529946 69960
-6.74094196373 107.401985816 69966
-6.74131252314 107.402633308 69972
-6.74161731125 107.403330008 69978
-6.74191773556 107.404030016 69984
-6.74219205854 107.404736992 69990
-6.74228321842 107.405494288 69996
-6.74230637612 107.406262311 70002
-6.7423298468 107.407034548 70008
-6.74239913871 107.407792649 70014
-6.74276480484 107.408457025 70020
-6.74337837057 107.40891344 70026
-6.74413884589 107.409049315 70032
-6.74488314492 107.408872935 70038
-6.74548012263 107.408389899 70044
-6.74588754371 107.407716308 70050
-6.74633978783 107.407061905 70056
-6.74698405719 107.406627542 70062
-6.7477458923 107.406491202 70068
-6.74848794339 107.406683288 70074
-6.74909055973 107.407181889 70080
-6.74951976226 107.407859574 70086
-6.75008081379 107.408404054 70092
-6.75081041074 107.40866137 70098
-6.75157443953 107.408582695 70104
-6.75226145536 107.408239152 70110
-6.75298459821 107.407955432 70116
-6.75376440672 107.407958447 70122
-6.75454072053 107.408087964 70128
-6.75530757256 107.408024604 70134
-6.75597057678 107.407641385 70140
-6.75648956068 107.407056385 70146
-6.75700763206 107.406449883 70152
-6.75763080374 107.405954311 70158
-6.75838136701 107.405699871 70164
-6.75917445938 107.405724188 70170
-6.75991402287 107.40602791 70176
-6.76045809266 107.406612749 70182
-6.76071280681 107.407371345 70188
-6.7607073035 107.408181245 70194
-6.76068187557 107.408999182 70200
-6.76065670005 107.409827014 70206
-6.76062946354 107.410651847 70212
-6.76053590948 107.411459915 70218
-6.76037474401 107.412234845 70224
-6.76021401847 107.412990916 70230
-6.7599400031 107.413706061 70236
-6.75940529086 107.414256967 70242
-6.75870692873 107.414586147 70248
-6.7580065332 107.414914506 70254
-6.75748514111 107.415482596 70260
-6.75725285285 107.416217825 70266
-6.75735150231 107.416989657 70272
-6.75762488415 107.417730457 70278
-6.75811214878 107.418334704 70284
-6.75879591904 107.418718115 70290
-6.75952565714 107.419025 70296
-6.76025227579 107.419337476 70302
-6.76089541249 107.419797096 70308
-6.76132937852 107.420466479 70314
-6.76169412426 107.421176188 70320
-6.76217784319 107.421796416 70326
-6.76287773136 107.422148151 70332
-6.76366966416 107.422172966 70338
-6.7644572356 107.421995282 70344
-6.76523522575 107.421807894 70350
-6.76599979531 107.421624281 70356
-6.76674920177 107.421444565 70362
-6.76748373546 107.421261323 70368
-6.76812126156 107.420937142 70374
-6.76870373878 107.420501464 70380
-6.76935448609 107.420222335 70386
-6.77005275954 107.420220808 70392
-6.77069112567 107.420488869 70398
-6.77801165651 107.426056789 70476
-6.77847768468 107.426630287 70482
-6.77862735274 107.427298159 70488
-6.77853488612 107.427999345 70494
-6.77839928233 107.428702421 70500
-6.77824092275 107.429398313 70506
-6.77814678629 107.43011557 70512
-6.77830778634 107.430775988 70518
-6.77870277394 107.431302078 70524
-6.77928220125 107.431671771 70530
-6.77994358819 107.431961127 70536
-6.7806112828 107.432271132 70542
-6.78130223162 107.432574401 70548
-6.7819272804 107.43301923 70554
-6.78232865562 107.433666876 70560
-6.78241673339 107.434405348 70565
-6.78220158999 107.435107562 70571
-6.78172285532 107.435664885 70577
-6.78107302459 107.436015056 70583
-6.78042366346 107.436366322 70589
-6.77996081744 107.4369457 70595
-6.77969812336 107.437663428 70601
-6.77946802369 107.438400376 70607
-6.77923648461 107.439133544 70613
-6.7790511516 107.439880253 70619
-6.77905259984 107.440642697 70625
-6.77936859353 107.441356605 70631
-6.77981844462 107.442006917 70637
-6.78027137172 107.442658557 70643
-6.78072959953 107.443313364 70649
-6.78118450485 107.443972463 70655
-6.78150047462 107.444713076 70661
-6.78171917246 107.445489448 70667
-6.78212044007 107.446163637 70673
-6.78275361007 107.446630522 70679
-6.78352336145 107.446749177 70685
-6.78429915597 107.446569504 70691
-6.78507737777 107.446356057 70697
-6.78587935915 107.446287194 70703
-6.78667306487 107.446258719 70709
-6.78746213182 107.446236171 70715
-6.78825849954 107.446216524 70721
-6.78905326251 107.446168189 70727
-6.78979726547 107.44593506 70733
-6.7905142621 107.445676934 70739
-6.79125409908 107.445587495 70745
-6.79197455797 107.445584546 70751
-6.79266334216 107.445580963 70757
-6.79332082347 107.445612222 70763
-6.79390986706 107.445825063 70769
-6.79438326454 107.446202204 70775
-6.7947917029 107.446628247 70781
-6.79518481867 107.447050552 70787
-6.79554234597 107.447483606 70793
-6.79576903549 107.44798114 70799
-6.79584208789 107.448502344 70805
-6.79576227685 107.449017313 70811
-6.7955352205 107.449501473 70817
-6.79516679765 107.449915433 70823
-6.79467080652 107.450194756 70829
-6.79410316346 107.450306066 70835
-6.79351822442 107.450290129 70841
-6.79294756108 107.450294187 70847
-6.79239681283 107.450412071 70853
-6.79187840411 107.450650364 70859
-6.79142042232 107.450990155 70865
-6.7910482251 107.45141576 70871
-6.79076852379 107.451903011 70877
-6.79058483563 107.452425828 70883
-6.79048887396 107.452968023 70889
-6.7904501897 107.453530969 70895
-6.79034898199 107.454093923 70901
-6.79014492602 107.454622532 70907
-6.79001750062 107.455166836 70913
-6.79006085065 107.455714062 70919
-6.79026024824 107.456219216 70925
-6.79059976168 107.456638431 70931
-6.79105845755 107.456944208 70937
-6.79160890628 107.45709372 70943
-6.79217845043 107.457054439 70949
-6.79270795329 107.456841171 70955
-6.79313795433 107.456471612 70961
-6.79345575669 107.456013926 70967
-6.79376308698 107.455549565 70973
-6.79416118789 107.455171433 70979
-6.79466616376 107.454935146 70985
-6.7952361166 107.45486559 70991
-6.79580023687 107.454964371 70997
-6.79634545613 107.455153252 71003
-6.79691232337 107.455263216 71009
-6.79748923741 107.455306225 71015
-6.79805727564 107.455347235 71021
-6.79861774423 107.455399075 71027
-6.79916139202 107.455520381 71033
-6.7996611401 107.455776315 71039
-6.80009914486 107.456151542 71045
-6.80044347826 107.45665514 71051
-6.80071037093 107.457208457 71057
-6.80097783167 107.457764548 71063
-6.80125658752 107.458328077 71069
-6.80153009522 107.458913181 71075
-6.80179928539 107.459514848 71081
-6.80207462914 107.460131817 71087
-6.80235561879 107.460763318 71093
-6.80260369282 107.461428137 71099
-6.80278558364 107.462117938 71105
-6.80295991633 107.462812543 71111
-6.80311350561 107.463524084 71117
-6.80330045503 107.46424434 71123
-6.80356100098 107.464942034 71129
-6.8038834674 107.465604441 71135
-6.8042065434 107.466257554 71141
-6.80452753214 107.466911253 71147
-6.80484410058 107.467579163 71153
-6.80508551992 107.468288702 71159
-6.80517655862 107.469038838 71165
-6.80511998337 107.46979905 71171
-6.80512321955 107.470558215 71177
-6.8054157878 107.4712575 71183
-6.80582330056 107.471914361 71189
-6.80623085024 107.472575329 71195
-6.80658972228 107.473270478 71201
-6.80677000805 107.474037611 71207
-6.8070725131 107.474751485 71213
-6.80764353704 107.475274356 71219
-6.80838401327 107.475502561 71225
-6.80916516358 107.475452464 71231
-6.80995407073 107.475447766 71237
-6.81067565868 107.475768502 71243
-6.81118943525 107.476377539 71249
-6.81145304217 107.47712602 71255
-6.81172474997 107.47784817 71261
-6.81226335188 107.478401652 71267
-6.81288481878 107.478884598 71273
-6.81350984506 107.479367289 71279
-6.81420202349 107.479719309 71285
-6.81495424776 107.479961596 71291
-6.81566639991 107.480316747 71297
-6.81636957096 107.480690496 71303
-6.81704272367 107.481114306 71309
-6.8175076227 107.481752741 71315
-6.81766055683 107.482514704 71321
-6.81754465071 107.483274822 71327
-6.81743921121 107.48402651 71333
-6.81764635933 107.484752907 71339
-6.81814252886 107.485330617 71345
-6.81882836475 107.485669761 71351
-6.81961129915 107.485700906 71357
-6.82040123739 107.485718482 71363
-6.82111460946 107.486049201 71369
-6.82163256851 107.486650222 71375
-6.82185071571 107.487411156 71381
-6.82196211394 107.488191617 71387
-6.82207310549 107.488974496 71393
-6.82220831894 107.489752345 71399
-6.8225552349 107.490433836 71405
-6.82313180909 107.490901703 71411
-6.82383699657 107.491094104 71417
-6.82456030083 107.490980849 71423
-6.82517778309 107.490578002 71429
-6.8255942964 107.48995957 71435
-6.8258153068 107.489227007 71441
-6.82600829461 107.48847166 71447
-6.82620084008 107.487711538 71453
-6.82639687914 107.486943656 71459
-6.82678507807 107.486253157 71465
-6.82742594372 107.485808128 71471
-6.82819010786 107.485676076 71477
-6.82893230258 107.485873006 71483
-6.82955998387 107.486335212 71489
-6.83018046807 107.486788595 71495
-6.83089193097 107.487034798 71501
-6.83160172625 107.487237382 71507
-6.83230294604 107.487436545 71513
-6.83299926678 107.487633543 71519
-6.8336949417 107.487830855 71525
-6.83439860783 107.488024636 71531
-6.83508649443 107.488282958 71537
-6.83565180363 107.488780493 71543
-6.83600860751 107.489464199 71549
-6.83628381758 107.490201553 71555
-6.83664518503 107.490907502 71561
-6.83714186455 107.491522988 71567
-6.83766333255 107.492108563 71573
-6.83819082152 107.492668991 71579
-6.83872872273 107.493207504 71585
-6.83925751032 107.49373897 71591
-6.83977393539 107.494277354 71597
-6.84028615207 107.494832409 71603
-6.84080088622 107.495395707 71609
-6.84132441355 107.49595892 71615
-6.84184856867 107.496526569 71621
-6.84238013854 107.497092667 71627
-6.8429138382 107.497650735 71633
-6.843442087 107.498214371 71639
-6.84397276364 107.498787946 71645
-6.84449791078 107.499368065 71651
-6.84500835562 107.499955868 71657
-6.84551014746 107.500551575 71663
-6.84600802705 107.501159491 71669
-6.84650101661 107.501773539 71675
-6.84699861465 107.502385719 71681
-6.84749747508 107.503004967 71687
-6.84800029042 107.503638877 71693
-6.84855099419 107.504259999 71699
-6.84919537604 107.504818114 71705
-6.84990880468 107.505348315 71711
-6.85072459915 107.50588559 71717
-6.85149492777 107.50647744 71723
-6.85232401785 107.507074452 71729
-6.85321876087 107.507621096 71735
-6.85417782998 107.5081426 71741
-6.85513824017 107.508694062 71747
-6.85609873121 107.509280495 71753
-6.85700743168 107.509979739 71759
-6.85781316717 107.510794241 71765
-6.85855983312 107.511657811 71771
-6.85936631099 107.512458204 71777
-6.86025696533 107.513171474 71783
-6.86123750767 107.513766779 71789
-6.86227963265 107.51425121 71795
-6.86333300888 107.514704506 71801
-6.86438619983 107.51515984 71807
-6.86544513037 107.5156149 71813
-6.86655201228 107.516035926 71819
-6.86761348962 107.51650733 71825
-6.86865808669 107.51697133 71831
-6.86965001161 107.517479879 71837
-6.87051842907 107.518166102 71843
-6.87121575434 107.519009065 71849
-6.87173527694 107.519938314 71855
-6.87218925206 107.520884356 71861
-6.87263272871 107.521801771 71867
-6.8730768434 107.522698929 71873
-6.87356790943 107.523542154 71879
-6.87414149882 107.524320131 71885
-6.87477129191 107.525048078 71891
-6.87542370126 107.525744079 71897
-6.87606675243 107.526433326 71903
-6.87669538188 107.527111074 71909
-6.87731023518 107.527776068 71915
-6.87790561272 107.528420463 71921
-6.87848527149 107.529050194 71927
-6.87903981323 107.529656791 71933
-6.87957326219 107.530220441 71939
-6.88006393237 107.530743127 71945
-6.88048588639 107.531213792 71951
-6.88086251722 107.53164897 71957
-6.88121842954 107.532051678 71963
-6.88160485748 107.532386787 71969
-6.88193657372 107.532749386 71975
-6.88224777351 107.533099124 71981
-6.88256302382 107.533418954 71987
-6.88287554652 107.533712075 71993
-6.88317890663 107.533975554 71999
