-6.2134592 106.7795109 57133
-6.21350247521 106.779029064 57141
-6.21350247521 106.779029064 57141
-6.21351441421 106.77898278 57148
-6.21351441421 106.77898278 57148
-6.21351891757 106.7788517 57154
-6.21351891757 106.7788517 57154
-6.21352887136 106.778565581 57160
-6.21352887136 106.778565581 57160
-6.21354774777 106.77817516 57166
-6.21354774777 106.77817516 57166
-6.21362952923 106.777817559 57172
-6.21362952923 106.777817559 57172
-6.21397534612 106.777659172 57178
-6.21397534612 106.777659172 57178
-6.21435556399 106.777645134 57184
-6.21435556399 106.777645134 57184
-6.21480988418 106.777650529 57190
-6.21480988418 106.777650529 57190
-6.21534222694 106.777574459 57196
-6.21534222694 106.777574459 57196
-6.21582352716 106.777351716 57202
-6.21582352716 106.777351716 57202
-6.21620396509 106.777115821 57208
-6.21620396509 106.777115821 57208
-6.21672421693 106.777123773 57214
-6.21672421693 106.777123773 57214
-6.21708502401 106.77758076 57220
-6.21708502401 106.77758076 57220
-6.21731993094 106.778176389 57226
-6.21731993094 106.778176389 57226
-6.217706213 106.778489736 57232
-6.21792403292 106.778502321 57238
-6.21792403292 106.778502321 57238
-6.21792403292 106.778502321 57244
-6.21792403292 106.778502321 57244
-6.21792403292 106.778502321 57250
-6.21792403292 106.778502321 57250
-6.21792403292 106.778502321 57256
-6.21792403292 106.778502321 57256
-6.21792403292 106.778502321 57262
-6.21792403292 106.778502321 57262
-6.21795408243 106.778501843 57268
-6.21795408243 106.778501843 57268
-6.21795816783 106.778506553 57274
-6.21795816783 106.778506553 57274
-6.21796069925 106.778511115 57280
-6.21796069925 106.778511115 57280
-6.21796591774 106.778509915 57286
-6.21796591774 106.778509915 57286
-6.21829048795 106.778471009 57292
-6.21829048795 106.778471009 57292
-6.21876410986 106.778464664 57298
-6.21876410986 106.778464664 57298
-6.21898349172 106.778821801 57304
-6.21898349172 106.778821801 57304
-6.21925522128 106.779342342 57310
-6.21925522128 106.779342342 57310
-6.21956767209 106.77996929 57316
-6.21956767209 106.77996929 57316
-6.21995356706 106.780683405 57322
-6.21995356706 106.780683405 57322
-6.22032530633 106.781344987 57328
-6.22032530633 106.781344987 57328
-6.22059460751 106.781911725 57334
-6.22059460751 106.781911725 57334
-6.2208339028 106.782519024 57340
-6.2208339028 106.782519024 57340
-6.22113937403 106.783103933 57346
-6.22113937403 106.783103933 57346
-6.22139449096 106.783604349 57352
-6.22139449096 106.783604349 57352
-6.22170959433 106.784180847 57358
-6.22170959433 106.784180847 57358
-6.22207939774 106.784747643 57364
-6.22207939774 106.784747643 57364
-6.22243843788 106.785166009 57370
-6.22250451887 106.785394856 57376
-6.22250451887 106.785394856 57376
-6.22234962727 106.785694358 57382
-6.22234962727 106.785694358 57382
-6.22220704307 106.78610996 57388
-6.22220704307 106.78610996 57388
-6.22190749805 106.786389757 57394
-6.22190749805 106.786389757 57394
-6.22162897997 106.786746665 57400
-6.22162897997 106.786746665 57400
-6.22163636025 106.787098875 57406
-6.22163636025 106.787098875 57406
-6.22177283377 106.787600916 57412
-6.22200850088 106.788098706 57418
-6.22200850088 106.788098706 57418
-6.22222589756 106.788564942 57424
-6.22222589756 106.788564942 57424
-6.22244017728 106.789004368 57430
-6.22244017728 106.789004368 57430
-6.22265900238 106.789455131 57436
-6.22265900238 106.789455131 57436
-6.22289617781 106.789888655 57442
-6.22289617781 106.789888655 57442
-6.22314222327 106.790258101 57448
-6.22314222327 106.790258101 57448
-6.22339280884 106.790639415 57454
-6.22345804058 106.791061524 57460
-6.22345804058 106.791061524 57460
-6.22342628743 106.791508732 57466
-6.22342628743 106.791508732 57466
-6.22338640652 106.792002267 57472
-6.22338640652 106.792002267 57472
-6.22334750453 106.792523423 57478
-6.22334750453 106.792523423 57478
-6.22329665589 106.793075512 57484
-6.22329665589 106.793075512 57484
-6.22323621995 106.793422176 57490
-6.22322755942 106.793764477 57496
-6.22322755942 106.793764477 57496
-6.22318913738 106.794294836 57502
-6.22318913738 106.794294836 57502
-6.22312642266 106.794723994 57508
-6.22312642266 106.794723994 57508
-6.22279599704 106.794838793 57514
-6.22279599704 106.794838793 57514
-6.22231418866 106.794877103 57520
-6.22231418866 106.794877103 57520
-6.22177803773 106.794950342 57526
-6.22177803773 106.794950342 57526
