1.34022936484 103.706458281 71003
1.34071661412 103.706697186 71009
1.3407668052 103.706901228 71015
1.34085953994 103.707038497 71021
1.34043438166 103.707223842 71027
1.33999482679 103.707431524 71033
1.3398896768 103.707546137 71039
1.3398896768 103.707546137 71045
1.33984282259 103.707649417 71051
1.33999745969 103.707932767 71057
1.34020218834 103.708388007 71063
1.34032995166 103.708739286 71069
1.34036668376 103.708818549 71075
1.34036668376 103.708818549 71081
1.34036668376 103.708818549 71087
1.34036668376 103.708818549 71093
1.34036668376 103.708818549 71099
1.34034699425 103.708833709 71105
1.34034668588 103.708834002 71111
1.34034526505 103.708834392 71117
1.34036609228 103.708881485 71123
1.34050492274 103.709297487 71129
1.34068031268 103.709783676 71135
1.34085936969 103.71026997 71141
1.34103618039 103.710775392 71147
1.34116277853 103.711179881 71153
1.34117325696 103.711213596 71159
1.34117325696 103.711213596 71165
1.34117325696 103.711213596 71171
1.34117325696 103.711213596 71177
1.34117325696 103.711213596 71183
1.34121080679 103.711230217 71189
1.34121216501 103.711230446 71195
1.34121290321 103.711231891 71201
1.34122906023 103.711270638 71207
1.34139726567 103.711634872 71213
1.34159844445 103.712006522 71219
1.34167856228 103.712132641 71225
1.34167856228 103.712132641 71231
1.34167856228 103.712132641 71237
1.34167856228 103.712132641 71243
1.34171921355 103.712314233 71249
1.3418336703 103.712654187 71255
1.34206202306 103.71320223 71261
1.34230803839 103.713802912 71267
1.34246400705 103.714116941 71273
1.34247255904 103.714139341 71279
1.34247255904 103.714139341 71285
1.34248599042 103.714274233 71291
1.34256075503 103.714616379 71297
1.34273607044 103.715165579 71303
1.3428972364 103.715642443 71309
1.34291047988 103.715875473 71315
1.34268428245 103.715995789 71321
1.34226549667 103.715964107 71327
1.34167156936 103.715950764 71333
1.3409649776 103.715997757 71339
1.3403735509 103.71612755 71345
1.34008758705 103.716232214 71351
1.34008758705 103.716232214 71357
1.34008758705 103.716232214 71363
1.3398693358 103.716304782 71369
1.3394346394 103.716506277 71375
1.3389006587 103.716742013 71381
1.33828675187 103.717024236 71387
1.33777862205 103.717321056 71393
1.33757303818 103.717478324 71399
1.33753236205 103.717544679 71405
1.33757324056 103.717694669 71411
1.33780478975 103.718025382 71417
1.33792787082 103.718223968 71423
1.33792787082 103.718223968 71429
1.33792787082 103.718223968 71435
1.33797604766 103.718249326 71441
1.33804235782 103.718295808 71447
1.33812079819 103.718315339 71453
