-6.27181044048 106.8152696 62239
-6.27181044048 106.8152696 62239
-6.27138340432 106.815317577 62244
-6.27138340432 106.815317577 62244
-6.2713834 106.8153176 62249
-6.27049940997 106.815386175 62255
-6.27049940997 106.815386175 62255
-6.27004185477 106.815433822 62261
-6.27004185477 106.815433822 62261
-6.26957988343 106.815491652 62267
-6.26957988343 106.815491652 62267
-6.26911081035 106.815551696 62273
-6.26911081035 106.815551696 62273
-6.26868608407 106.815611595 62279
-6.26868608407 106.815611595 62279
-6.26833012429 106.815651871 62285
-6.26833012429 106.815651871 62285
-6.26811606459 106.815651464 62291
-6.26811606459 106.815651464 62291
-6.26792500697 106.81562843 62297
-6.26792500697 106.81562843 62297
-6.26780812624 106.815624559 62303
-6.26780812624 106.815624559 62303
-6.26780812624 106.815624559 62309
-6.26780812624 106.815624559 62309
-6.26780812624 106.815624559 62315
-6.26780812624 106.815624559 62315
-6.26780811251 106.815625825 62321
-6.26780811251 106.815625825 62321
-6.26783152924 106.815628016 62327
-6.26783152924 106.815628016 62327
-6.26782868971 106.815627593 62333
-6.26782868971 106.815627593 62333
-6.26782083546 106.815631055 62339
-6.26782083546 106.815631055 62339
-6.26781547707 106.815626859 62345
-6.26781547707 106.815626859 62345
-6.26781226521 106.815620451 62351
-6.26781226521 106.815620451 62351
-6.26766746509 106.815648831 62357
-6.26766746509 106.815648831 62357
-6.26755269646 106.815685 62363
-6.26755269646 106.815685 62363
-6.2673712716 106.815734844 62369
-6.2673712716 106.815734844 62369
-6.26696721855 106.815822476 62380
-6.26696721855 106.815822476 62380
-6.2669855 106.8158185 62382
-6.26680163218 106.815854 62387
-6.26680163218 106.815854 62387
-6.26649177407 106.81591414 62394
-6.26649177407 106.81591414 62394
-6.26608696039 106.815990371 62401
-6.26608696039 106.815990371 62401
-6.26562089141 106.816067963 62407
-6.26562089141 106.816067963 62407
-6.26526966353 106.816121344 62413
-6.26526966353 106.816121344 62413
-6.26498641163 106.816149822 62419
-6.26498641163 106.816149822 62419
-6.26471884018 106.8161304 62425
-6.26440049459 106.816167659 62431
-6.26440049459 106.816167659 62431
-6.26409129532 106.816162173 62437
-6.26409129532 106.816162173 62437
-6.26371177023 106.816103304 62443
-6.26371177023 106.816103304 62443
-6.26322639814 106.816030112 62449
-6.26322639814 106.816030112 62449
-6.26275368957 106.815957157 62455
-6.26238609041 106.81589297 62461
-6.26238609041 106.81589297 62461
-6.26229802692 106.815854797 62467
-6.26229802692 106.815854797 62467
-6.26219719599 106.815837886 62473
-6.26219719599 106.815837886 62473
-6.2622365 106.8158467 62478
-6.26219719599 106.815837886 62483
-6.26219719599 106.815837886 62483
-6.2622173991 106.815840184 62490
-6.2622173991 106.815840184 62490
-6.2622131 106.81584 62492
-6.26208804634 106.81581023 62497
-6.26208804634 106.81581023 62497
-6.26192515393 106.815789364 62504
-6.26192515393 106.815789364 62504
-6.26189609738 106.815782721 62512
-6.26189609738 106.815782721 62512
-6.26189681221 106.81578219 62518
-6.26189681221 106.81578219 62518
-6.26189622649 106.815781715 62525
-6.26189622649 106.815781715 62525
-6.26189286228 106.815770082 62532
-6.26189286228 106.815770082 62532
-6.26174526331 106.815725633 62539
-6.26174526331 106.815725633 62539
-6.26140967075 106.81565845 62545
-6.26140967075 106.81565845 62545
-6.26096671916 106.815587609 62551
-6.26096671916 106.815587609 62551
-6.26049071099 106.815529784 62557
-6.26049071099 106.815529784 62557
-6.26000460598 106.815433918 62563
-6.26000460598 106.815433918 62563
-6.25961069831 106.815393354 62569
-6.25961069831 106.815393354 62569
-6.2594208153 106.815345477 62575
-6.2594208153 106.815345477 62575
-6.25904186896 106.81523404 62581
-6.25904186896 106.81523404 62581
-6.25863787873 106.815161862 62587
-6.25863787873 106.815161862 62587
-6.25818129652 106.815104845 62593
-6.25818129652 106.815104845 62593
-6.25781594114 106.815057785 62599
-6.25781594114 106.815057785 62599
-6.25764117733 106.81504743 62605
-6.25764117733 106.81504743 62611
-6.25764117733 106.81504743 62611
-6.2576473 106.8150478 62616
-6.25757649768 106.815057985 62621
-6.25757649768 106.815057985 62621
-6.25756345363 106.815058936 62629
-6.25756345363 106.815058936 62629
-6.25756345363 106.815058936 62641
-6.25756345363 106.815058936 62641
-6.25756345363 106.815058936 62648
-6.25756345363 106.815058936 62648
-6.2575644 106.8150588 62649
-6.25756345363 106.815058936 62655
-6.25756345363 106.815058936 62655
-6.25756345363 106.815058936 62662
-6.25756345363 106.815058936 62662
-6.25754369328 106.814966926 62669
-6.25754369328 106.814966926 62669
-6.25765745885 106.8146283 62675
-6.25765745885 106.8146283 62675
-6.25774232735 106.814420517 62681
-6.25774232735 106.814420517 62681
-6.25775895234 106.814357256 62687
-6.25775895234 106.814357256 62687
-6.25780588723 106.814246949 62693
-6.25780588723 106.814246949 62693
-6.25785171291 106.814164717 62699
-6.25785171291 106.814164717 62699
-6.25785171291 106.814164717 62705
-6.25785171291 106.814164717 62705
-6.25787524696 106.814069755 62711
-6.25787524696 106.814069755 62711
-6.25791826253 106.813949204 62717
-6.25791826253 106.813949204 62717
-6.25795958807 106.813857686 62723
-6.25795958807 106.813857686 62723
-6.25802065569 106.813762667 62729
-6.25802065569 106.813762667 62729
-6.25804563492 106.813727433 62735
-6.25804563492 106.813727433 62735
-6.25804563492 106.813727433 62741
-6.25804563492 106.813727433 62741
-6.25804563492 106.813727433 62747
-6.25804563492 106.813727433 62747
-6.25804563492 106.813727433 62754
-6.25804563492 106.813727433 62754
-6.25806033727 106.813693133 62761
-6.25806033727 106.813693133 62761
-6.25809746963 106.813590301 62768
-6.25809746963 106.813590301 62768
-6.25811482815 106.813537736 62775
-6.25811482815 106.813537736 62775
-6.25811482815 106.813537736 62781
-6.25811482815 106.813537736 62781
-6.25811482815 106.813537736 62788
-6.25811482815 106.813537736 62788
-6.25811482815 106.813537736 62795
-6.25811482815 106.813537736 62795
-6.25811482815 106.813537736 62802
-6.25811482815 106.813537736 62802
-6.25811482815 106.813537736 62808
-6.25811482815 106.813537736 62808
-6.25811149527 106.813464363 62815
-6.25811149527 106.813464363 62815
-6.25811149527 106.813464363 62821
-6.25811149527 106.813464363 62821
-6.25811149527 106.813464363 62827
-6.25811149527 106.813464363 62827
-6.25811149527 106.813464363 62833
-6.25811149527 106.813464363 62833
-6.25811149527 106.813464363 62839
-6.25811149527 106.813464363 62839
-6.25807627557 106.813447318 62845
-6.25807627557 106.813447318 62845
-6.25796638804 106.813421211 62851
-6.25796638804 106.813421211 62851
-6.25783982159 106.813367299 62857
-6.25783982159 106.813367299 62857
-6.25766992799 106.813320419 62864
-6.25766992799 106.813320419 62864
-6.25750261575 106.813316728 62871
-6.25750261575 106.813316728 62871
-6.25730196569 106.813282231 62878
-6.25730196569 106.813282231 62878
-6.25701286788 106.813295171 62885
-6.25701286788 106.813295171 62885
-6.25677955643 106.81330535 62892
-6.25677955643 106.81330535 62892
-6.25665369052 106.813120924 62899
-6.25665369052 106.813120924 62899
-6.25665712069 106.812856989 62905
-6.25665712069 106.812856989 62905
-6.25659836281 106.812728141 62911
-6.25659836281 106.812728141 62911
-6.25659287542 106.812718897 62917
-6.25659287542 106.812718897 62917
-6.25659287542 106.812718897 62923
-6.25659287542 106.812718897 62923
-6.25659287542 106.812718897 62929
-6.25659287542 106.812718897 62929
-6.25657363105 106.812687483 62935
-6.25657363105 106.812687483 62935
-6.25638197203 106.812680096 62942
-6.25638197203 106.812680096 62942
-6.2564047 106.8126821 62948
-6.2564047 106.8126821 62954
-6.2564047 106.8126821 62959
-6.2564047 106.8126821 62964
-6.2564047 106.8126821 62969
-6.2564047 106.8126821 62974
-6.2564047 106.8126821 62980
-6.2564047 106.8126821 62985
-6.2564047 106.8126821 62990
-6.2564047 106.8126821 62995
-6.2564047 106.8126821 63000
-6.2564047 106.8126821 63005
-6.2564047 106.8126821 63011
-6.2564047 106.8126821 63016
-6.2564047 106.8126821 63021
-6.2564047 106.8126821 63026
-6.2564047 106.8126821 63031
-6.2564047 106.8126821 63036
-6.2564047 106.8126821 63042
-6.2564047 106.8126821 63047
-6.2564047 106.8126821 63052
-6.2556771 106.812184 63057
-6.2556771 106.812184 63062
-6.2556748 106.8121751 63068
-6.2556748 106.8121751 63073
-6.2556748 106.8121751 63078
-6.2556748 106.8121751 63083
-6.2556748 106.8121751 63088
-6.2556748 106.8121751 63094
-6.2556748 106.8121751 63099
-6.2556748 106.8121751 63104
-6.2556748 106.8121751 63109
-6.2556748 106.8121751 63114
-6.2556748 106.8121751 63120
-6.2556748 106.8121751 63125
-6.2556748 106.8121751 63130
