-6.21221368067 106.783470877 43685
-6.21221368067 106.783470877 43685
-6.2117609691 106.783575525 43691
-6.2117609691 106.783575525 43691
-6.21128856616 106.783592552 43697
-6.21128856616 106.783592552 43697
-6.21076341038 106.783550979 43703
-6.21076341038 106.783550979 43703
-6.21067742297 106.783538193 43704
-6.21059035486 106.783525485 43705
-6.21050126051 106.783514923 43706
-6.21041137664 106.783507698 43707
-6.21031727464 106.78349799 43708
-6.21022411364 106.783485787 43709
-6.21012981602 106.783477787 43710
-6.21003722044 106.783471658 43711
-6.20994325535 106.783465133 43712
-6.20985997173 106.783457632 43713
-6.20977806846 106.783452671 43714
-6.20970398557 106.783438982 43715
-6.20963796354 106.783431025 43716
-6.20957260934 106.783423883 43717
-6.20950772581 106.783418433 43718
-6.20944173523 106.783410596 43719
-6.20937529103 106.783404522 43720
-6.20930830967 106.783399139 43721
-6.20924187753 106.783392443 43722
-6.20917545827 106.783385492 43723
-6.20910915128 106.783376191 43724
-6.20903823841 106.783371176 43725
-6.20896789277 106.783364262 43726
-6.2088937001 106.783358179 43727
-6.20881807083 106.783350267 43728
-6.20873942115 106.783340448 43729
-6.20865922243 106.7833334 43730
-6.20857951065 106.783325506 43731
-6.20849980214 106.783316147 43732
-6.2084210488 106.78330777 43733
-6.20834432206 106.783297871 43734
-6.20827294157 106.783285729 43735
-6.20821171472 106.783279354 43736
-6.20815974826 106.783275326 43737
-6.20811204872 106.783270666 43738
-6.20806591141 106.783265167 43739
-6.20801648501 106.783261572 43740
-6.20796316309 106.783254753 43741
-6.20790645942 106.783251261 43742
-6.20784843321 106.783245669 43743
-6.20778994708 106.783239032 43744
-6.20772961053 106.783232132 43745
-6.20766531568 106.783225481 43746
-6.20760092416 106.783216706 43747
-6.207535984 106.783209801 43748
-6.20746938019 106.783204381 43749
-6.20740351631 106.783195081 43750
-6.20733857434 106.783187204 43751
-6.20727983579 106.783187919 43752
-6.20722452454 106.783184572 43753
-6.20717639415 106.783174351 43754
-6.20713694119 106.783173341 43755
-6.20710537267 106.783173187 43756
-6.20707799916 106.783175364 43757
-6.20705963981 106.783181361 43758
-6.20705963981 106.783181361 43759
-6.20705963981 106.783181361 43760
-6.20705963981 106.783181361 43761
-6.20705963981 106.783181361 43762
-6.20705963981 106.783181361 43763
-6.20705963981 106.783181361 43764
-6.20705963981 106.783181361 43765
-6.20705963981 106.783181361 43766
-6.20705963981 106.783181361 43767
-6.20705963981 106.783181361 43768
-6.20705963981 106.783181361 43769
-6.20705963981 106.783181361 43770
-6.20705963981 106.783181361 43771
-6.20705963981 106.783181361 43772
-6.20705963981 106.783181361 43773
-6.20705963981 106.783181361 43774
-6.20705963981 106.783181361 43775
-6.20705963981 106.783181361 43776
-6.20705963981 106.783181361 43777
-6.20705963981 106.783181361 43778
-6.20705963981 106.783181361 43779
-6.20705963981 106.783181361 43780
-6.20705963981 106.783181361 43781
-6.20705963981 106.783181361 43782
-6.20705963981 106.783181361 43783
-6.20705963981 106.783181361 43784
-6.20705963981 106.783181361 43785
-6.20704733457 106.783212117 43786
-6.20704530887 106.783212092 43787
-6.20703985646 106.783210178 43788
-6.20703407072 106.783208456 43789
-6.20702730371 106.783207275 43790
-6.20702038006 106.783204962 43791
-6.20701565366 106.783200388 43792
-6.20701527577 106.783194034 43793
-6.2070126481 106.78315464 43794
-6.20701300142 106.783153919 43795
-6.2070101687 106.783133292 43796
-6.20700544862 106.783118978 43797
-6.20700631906 106.783116667 43798
-6.20700294 106.783115211 43799
-6.20700065508 106.783113865 43800
-6.20699827771 106.783112399 43801
-6.20699822094 106.783111666 43802
-6.2069975985 106.783109949 43803
-6.20699728493 106.783108884 43804
-6.20699476479 106.783108392 43805
-6.20698995612 106.783108792 43806
-6.20698601525 106.78311159 43807
-6.20698654368 106.783111758 43808
-6.20698649057 106.783110139 43809
-6.20698812715 106.783109747 43810
-6.20698813347 106.783109942 43811
-6.20698364608 106.78311117 43812
-6.20695684104 106.783115898 43813
-6.20693225064 106.783139223 43814
-6.20690036109 106.783153614 43815
-6.20686503909 106.783169909 43816
-6.20682894067 106.783192743 43817
-6.20679483701 106.783215027 43818
-6.20676678532 106.783235487 43819
-6.20674269432 106.783270836 43820
-6.20672803653 106.783307949 43821
-6.20671677519 106.783350074 43822
-6.20671362492 106.783409605 43823
-6.20671030504 106.783469563 43824
-6.20671011314 106.783538133 43825
-6.20671011523 106.78360757 43826
-6.20671356635 106.783679984 43827
-6.20672112152 106.783756452 43828
-6.20672612691 106.783833722 43829
-6.20673091936 106.783901762 43830
-6.20673496388 106.783966118 43831
-6.20673831731 106.784029175 43832
-6.20674425271 106.784092865 43833
-6.20674482331 106.784156024 43834
-6.20674716419 106.784211885 43835
-6.20675066521 106.784267961 43836
-6.20675235188 106.784322262 43837
-6.20675550169 106.784373528 43838
-6.2067602753 106.784426703 43839
-6.206764853 106.78447787 43840
-6.2067691488 106.784530206 43841
-6.20676825734 106.784584356 43842
-6.20676629119 106.78463924 43843
-6.20676417349 106.784695739 43844
-6.20676877689 106.784748935 43845
-6.20677128623 106.784802144 43846
-6.20677477815 106.784863819 43847
-6.20677670764 106.784924204 43848
-6.2067785782 106.784983694 43849
-6.20678142533 106.785043749 43850
-6.20678496615 106.785106535 43851
-6.20678903563 106.785170632 43852
-6.20679273818 106.785236674 43853
-6.20679756829 106.785300556 43854
-6.20680453582 106.785366488 43855
-6.20680810122 106.78543376 43856
-6.2068132102 106.785502948 43857
-6.20682140518 106.78557005 43858
-6.2068276896 106.785631069 43859
-6.20683235777 106.785683617 43860
-6.20683353094 106.78573231 43861
-6.20683568492 106.785777726 43862
-6.20683926643 106.785825638 43863
-6.20684369197 106.785873374 43864
-6.20684829612 106.785922091 43865
-6.20685299948 106.785972078 43866
-6.20685983102 106.7860257 43867
-6.20686589333 106.786085816 43868
-6.20686915597 106.786155337 43869
-6.20687301667 106.786230267 43870
-6.20687815184 106.786310864 43871
-6.20688449017 106.786398777 43872
-6.20689259397 106.786490546 43873
-6.20689695227 106.786585403 43874
-6.20690111163 106.78668187 43875
-6.20691132267 106.786776926 43876
-6.20692549458 106.786870391 43877
-6.20693636475 106.786963282 43878
-6.20694824243 106.78705265 43879
-6.20695794806 106.787137299 43880
-6.20696933723 106.787218415 43881
-6.20698221799 106.787295822 43882
-6.20699882933 106.787366639 43883
-6.20702392869 106.787432749 43884
-6.20706043668 106.787497205 43885
-6.20709812956 106.787560662 43886
-6.20713735584 106.787625723 43887
-6.20718311174 106.787691752 43888
-6.20724295827 106.787744735 43889
-6.2073026977 106.787793429 43890
-6.20736125106 106.787832364 43891
-6.20742127905 106.787870552 43892
-6.20747988173 106.78791011 43893
-6.20754401121 106.787949951 43894
-6.20760908374 106.787989505 43895
-6.20767515359 106.788026747 43896
-6.20773710294 106.788068274 43897
-6.2077996645 106.788110948 43898
-6.2078675474 106.788170535 43899
-6.20793784208 106.788232446 43900
-6.20800992041 106.788290604 43901
-6.20807944234 106.788351696 43902
-6.20814895756 106.78841196 43903
-6.20821279727 106.78847256 43904
-6.20850696282 106.788793166 43910
-6.20853616193 106.789027938 43916
-6.20853616193 106.789027938 43916
-6.20844716348 106.789312049 43922
-6.20844716348 106.789312049 43922
-6.20822593972 106.789657963 43928
-6.20822593972 106.789657963 43928
-6.2079211584 106.790112349 43934
-6.2079211584 106.790112349 43934
-6.20766467156 106.790473732 43940
-6.20766467156 106.790473732 43940
-6.20752414203 106.790681522 43946
-6.20752414203 106.790681522 43946
-6.20751992124 106.790837768 43952
-6.20751992124 106.790837768 43952
-6.20759699522 106.791187284 43958
-6.20759699522 106.791187284 43958
-6.20762703165 106.79141109 43964
-6.20762703165 106.79141109 43964
-6.20769189339 106.791712561 43970
-6.20769189339 106.791712561 43970
-6.20780076269 106.792220132 43976
-6.20780076269 106.792220132 43976
-6.20786414932 106.792595953 43982
-6.20786414932 106.792595953 43982
-6.20784854859 106.792692557 43988
-6.20784854859 106.792692557 43988
-6.20782022803 106.79302631 43994
-6.20782022803 106.79302631 43994
-6.20777614417 106.793530106 44000
-6.20777614417 106.793530106 44000
-6.20773377602 106.794051277 44006
-6.20769839665 106.794544204 44012
-6.20769839665 106.794544204 44012
-6.20767252015 106.795069839 44018
-6.20767252015 106.795069839 44018
-6.2076725 106.7950698 44021
-6.2075989289 106.795867868 44028
-6.2075989289 106.795867868 44028
-6.2075989 106.7958679 44032
-6.2073457 106.7961029 44037
-6.2065414 106.7962683 44042
-6.2065414 106.7962683 44048
-6.2065414 106.7962683 44053
-6.20599670475 106.796417902 44060
-6.20599670475 106.796417902 44060
-6.2059967 106.7964179 44064
-6.20559428147 106.796569316 44071
-6.20521311599 106.796714934 44078
-6.20521311599 106.796714934 44078
-6.20469320971 106.796906973 44084
-6.20469320971 106.796906973 44084
-6.2041341204 106.797131822 44090
-6.2041341204 106.797131822 44090
-6.2041341 106.7971318 44093
-6.20343443369 106.797560129 44100
-6.20293797806 106.797913 44107
-6.20293797806 106.797913 44107
-6.20274359055 106.798108598 44114
-6.20274359055 106.798108598 44114
-6.20266794732 106.798241148 44121
-6.20266794732 106.798241148 44121
-6.20256421027 106.798315318 44127
-6.20256421027 106.798315318 44127
-6.20246191965 106.798404394 44133
-6.20246191965 106.798404394 44133
-6.2024314085 106.798444891 44139
-6.2024314085 106.798444891 44139
-6.20236701361 106.798521376 44145
-6.20236701361 106.798521376 44145
-6.20231533706 106.798590593 44151
-6.20231533706 106.798590593 44151
-6.20228227507 106.798658694 44157
-6.20228227507 106.798658694 44157
-6.20216212033 106.798872939 44163
-6.20216212033 106.798872939 44163
-6.20202551792 106.799185053 44169
-6.20202551792 106.799185053 44169
-6.20190056199 106.799337088 44175
-6.20190056199 106.799337088 44175
-6.20170049755 106.799526997 44181
-6.20170049755 106.799526997 44181
-6.2017005 106.799527 44184
-6.20155510723 106.799810628 44191
-6.20155510723 106.799810628 44191
-6.20199773348 106.800086007 44198
-6.20199773348 106.800086007 44198
-6.20251366712 106.800369441 44204
-6.20251366712 106.800369441 44204
-6.20305674991 106.800648971 44210
-6.20305674991 106.800648971 44210
-6.20358421026 106.800910352 44216
-6.20358421026 106.800910352 44216
-6.20416238631 106.801195213 44222
-6.20416238631 106.801195213 44222
-6.20487250859 106.801572669 44228
-6.20536487462 106.801886582 44234
-6.20536487462 106.801886582 44234
-6.2057989063 106.802255646 44240
-6.2057989063 106.802255646 44240
-6.20633526678 106.802744521 44246
-6.20633526678 106.802744521 44246
-6.20691118041 106.80320586 44252
-6.20691118041 106.80320586 44252
-6.2069112 106.8032059 44255
-6.20807076213 106.804098986 44262
-6.20807076213 106.804098986 44262
-6.2080708 106.804099 44266
-6.2080708 106.804099 44271
-6.2091396 106.8047483 44276
-6.2091396 106.8047483 44282
-6.21128760681 106.806651545 44289
-6.21128760681 106.806651545 44289
-6.21197823151 106.807148054 44295
-6.21197823151 106.807148054 44295
-6.21256363737 106.807718533 44301
-6.21256363737 106.807718533 44301
-6.2125636 106.8077185 44304
-6.2131944 106.8076979 44309
-6.21398850724 106.809033834 44318
-6.21398850724 106.809033834 44318
-6.2139885 106.8090338 44318
-6.21449778529 106.809401231 44325
-6.21492230109 106.809667081 44330
-6.2149223 106.8096671 44334
-6.2159962 106.8099102 44339
-6.2148507 106.8092871 44341
-6.2164861828 106.810702088 44348
-6.2164861828 106.810702088 44348
-6.21686549285 106.810898509 44355
-6.21686549285 106.810898509 44355
-6.2168655 106.8108985 44359
-6.2168655 106.8108985 44360
-6.21843533341 106.811974585 44382
-6.2184353 106.8119746 44382
-6.21905710836 106.812405756 44389
-6.21905710836 106.812405756 44389
-6.21968032844 106.812817412 44396
-6.21968032844 106.812817412 44396
-6.2201536618 106.813157997 44403
-6.2201536618 106.813157997 44403
-6.22064375476 106.813515991 44410
-6.22064375476 106.813515991 44410
-6.2206438 106.813516 44410
-6.22116885578 106.813873603 44417
-6.22116885578 106.813873603 44417
-6.2211689 106.8138736 44417
-6.22171124976 106.814261144 44424
-6.22171124976 106.814261144 44424
-6.22224077826 106.814649813 44431
-6.22224077826 106.814649813 44431
-6.2222408 106.8146498 44435
-6.2222408 106.8146498 44440
-6.22368230149 106.815733594 44449
-6.22368230149 106.815733594 44449
-6.2236823 106.8157336 44449
-6.22439230001 106.816142365 44456
-6.22439230001 106.816142365 44456
-6.22487324432 106.816454659 44462
-6.22487324432 106.816454659 44462
-6.22535265938 106.816780626 44468
-6.22535265938 106.816780626 44468
-6.2253527 106.8167806 44471
-6.22612336962 106.817305962 44478
-6.22612336962 106.817305962 44478
-6.2261234 106.817306 44482
-6.22707898319 106.817949225 44491
-6.22797023986 106.818541201 44501
-6.22797023986 106.818541201 44501
-6.2279702 106.8185412 44501
-6.22866527313 106.819011939 44508
-6.22866527313 106.819011939 44508
-6.22926231372 106.819458004 44515
-6.22926231372 106.819458004 44515
-6.22982164683 106.819876796 44522
-6.22982164683 106.819876796 44522
-6.23043577687 106.820255855 44528
-6.23043577687 106.820255855 44528
-6.23101139107 106.820606601 44534
-6.23101139107 106.820606601 44534
-6.23155474762 106.820955751 44540
-6.23155474762 106.820955751 44540
-6.23211729386 106.821343408 44546
-6.23211729386 106.821343408 44546
-6.23252966213 106.821662805 44552
-6.23252966213 106.821662805 44552
-6.23285988508 106.821944062 44558
-6.23285988508 106.821944062 44558
-6.23324737439 106.822296394 44564
-6.23324737439 106.822296394 44564
-6.23360022552 106.822735366 44570
-6.23360022552 106.822735366 44570
-6.23390317141 106.823224041 44576
-6.23390317141 106.823224041 44576
-6.23419093521 106.823768455 44582
-6.23419093521 106.823768455 44582
-6.2345553072 106.82426454 44588
-6.2345553072 106.82426454 44588
-6.23495925205 106.824882476 44594
-6.23495925205 106.824882476 44594
-6.2354717148 106.82559394 44600
-6.2354717148 106.82559394 44600
-6.23595843736 106.826291541 44606
-6.23595843736 106.826291541 44606
-6.23643270993 106.826982938 44612
-6.23643270993 106.826982938 44612
-6.23690909244 106.827724015 44618
-6.23690909244 106.827724015 44618
-6.23737418383 106.828469195 44624
-6.23737418383 106.828469195 44624
-6.237792398 106.82911876 44630
-6.237792398 106.82911876 44630
-6.23821036289 106.829771764 44636
-6.23821036289 106.829771764 44636
-6.23863880622 106.830487526 44642
-6.2386388 106.8304875 44645
-6.23932978823 106.831659769 44652
-6.23932978823 106.831659769 44652
-6.23979710137 106.832460929 44659
-6.23979710137 106.832460929 44659
-6.24015512115 106.833258212 44666
-6.24015512115 106.833258212 44666
-6.24044882111 106.834041747 44673
-6.24044882111 106.834041747 44673
-6.24065021279 106.834844125 44680
-6.24065021279 106.834844125 44680
-6.2406502 106.8348441 44684
-6.2406502 106.8348441 44685
-6.24100402354 106.836048547 44693
-6.24100402354 106.836048547 44693
-6.2411477794 106.83663954 44699
-6.2411477794 106.83663954 44699
-6.24129335421 106.837215275 44705
-6.24129335421 106.837215275 44705
-6.24144785888 106.837767042 44711
-6.24144785888 106.837767042 44711
-6.2414479 106.837767 44714
-6.24172793851 106.838862086 44721
-6.24172793851 106.838862086 44721
-6.24188637548 106.839603032 44728
-6.24188637548 106.839603032 44728
-6.24202285399 106.840263931 44735
-6.24202285399 106.840263931 44735
-6.24222001205 106.841107155 44742
-6.24222001205 106.841107155 44742
-6.24246423942 106.842009197 44749
-6.24246423942 106.842009197 44749
-6.24270188375 106.842700569 44755
-6.24270188375 106.842700569 44755
-6.24289607325 106.843378874 44761
-6.24289607325 106.843378874 44761
-6.24304535191 106.844078448 44767
-6.24304535191 106.844078448 44767
-6.24318388444 106.844830969 44773
-6.2432982763 106.845600764 44779
-6.24333662215 106.846323157 44785
-6.24333662215 106.846323157 44785
-6.24331839178 106.84686847 44791
-6.24331839178 106.84686847 44791
-6.24328392382 106.847533495 44797
-6.24328392382 106.847533495 44797
-6.24322120161 106.848238499 44803
-6.24313463173 106.848831726 44809
-6.24313463173 106.848831726 44809
-6.24305759237 106.849293451 44815
-6.24305759237 106.849293451 44815
-6.24301095279 106.849696611 44821
-6.24301095279 106.849696611 44821
-6.243011 106.8496966 44824
-6.243011 106.8496966 44829
-6.24299125912 106.850609778 44838
-6.24299125912 106.850609778 44838
-6.24298983662 106.85128891 44845
-6.24298983662 106.85128891 44845
-6.24297815252 106.851906012 44851
-6.24297815252 106.851906012 44851
-6.24297040602 106.852437866 44857
-6.24297040602 106.852437866 44857
-6.24295673539 106.852882674 44863
-6.24295869041 106.853410363 44869
-6.24295869041 106.853410363 44869
-6.24294974145 106.853872867 44875
-6.24294974145 106.853872867 44875
-6.24293947387 106.854130804 44881
-6.24293947387 106.854130804 44881
-6.24279109867 106.854180227 44887
-6.24279109867 106.854180227 44887
-6.24247876182 106.85416156 44893
-6.24247876182 106.85416156 44893
-6.24227561007 106.854135751 44899
-6.24227561007 106.854135751 44899
-6.24215849512 106.854088359 44905
-6.24215849512 106.854088359 44905
-6.24200684377 106.85392114 44911
-6.24200684377 106.85392114 44911
-6.24176702833 106.853681779 44917
-6.24176702833 106.853681779 44917
-6.24147057051 106.853434548 44923
-6.24147057051 106.853434548 44923
-6.24114428461 106.853208198 44930
-6.24114428461 106.853208198 44930
-6.24079976177 106.853080332 44936
-6.24079976177 106.853080332 44936
-6.24059740861 106.852996701 44942
-6.24059740861 106.852996701 44942
-6.2405131072 106.853045231 44948
-6.2405131072 106.853045231 44948
-6.24045846894 106.853250696 44954
-6.24045846894 106.853250696 44954
-6.24040456581 106.853609352 44960
-6.24040456581 106.853609352 44960
-6.24035751152 106.853939366 44966
-6.24035751152 106.853939366 44966
-6.24032504602 106.854197665 44972
-6.24032504602 106.854197665 44972
-6.24030869142 106.854464264 44978
-6.24030869142 106.854464264 44978
-6.24027886702 106.854833007 44984
-6.24027886702 106.854833007 44984
-6.24027891847 106.855204466 44990
-6.24027891847 106.855204466 44990
-6.24026911908 106.855582743 44996
-6.24026911908 106.855582743 44996
-6.24020649266 106.855798272 45002
-6.24020649266 106.855798272 45002
-6.24000256799 106.855989938 45008
-6.24000256799 106.855989938 45008
-6.23971748994 106.856198476 45014
-6.23971748994 106.856198476 45014
-6.23940474807 106.856236166 45020
-6.23940474807 106.856236166 45020
-6.23909932037 106.856137784 45026
-6.23875609715 106.856150316 45032
-6.23854714458 106.856171822 45038
-6.23854714458 106.856171822 45038
-6.23834816699 106.856189364 45044
-6.23834816699 106.856189364 45044
-6.23825317196 106.856247805 45050
-6.23825317196 106.856247805 45050
-6.23803645414 106.856387602 45057
-6.23803645414 106.856387602 45057
-6.23789985632 106.856448498 45063
-6.23789985632 106.856448498 45063
-6.2377493994 106.856593885 45069
-6.2377493994 106.856593885 45069
-6.2376959055 106.856706809 45075
-6.2376959055 106.856706809 45075
-6.23769125445 106.856748575 45081
-6.23769125445 106.856748575 45081
-6.23769578828 106.856790971 45087
-6.23769578828 106.856790971 45087
-6.23769578828 106.856790971 45093
-6.23769578828 106.856790971 45093
-6.23769578828 106.856790971 45099
-6.23769578828 106.856790971 45099
-6.23769578828 106.856790971 45105
-6.23769578828 106.856790971 45105
-6.23769578828 106.856790971 45111
-6.23769578828 106.856790971 45111
-6.23769578828 106.856790971 45117
-6.23769578828 106.856790971 45117
-6.23771165487 106.856864637 45123
-6.23771165487 106.856864637 45123
-6.23771165487 106.856864637 45129
-6.23771165487 106.856864637 45132
-6.23771165487 106.856864637 45133
-6.23771165487 106.856864637 45134
-6.23771165487 106.856864637 45135
-6.23771165487 106.856864637 45136
-6.23771165487 106.856864637 45137
-6.23771165487 106.856864637 45138
-6.23771165487 106.856864637 45139
-6.23772821792 106.85691642 45140
-6.23772821792 106.85691642 45141
-6.23772821792 106.85691642 45142
-6.23772821792 106.85691642 45143
-6.23772821792 106.85691642 45144
-6.23772821792 106.85691642 45145
-6.23772821792 106.85691642 45146
-6.23772821792 106.85691642 45147
-6.23772821792 106.85691642 45148
-6.23772821792 106.85691642 45149
-6.23772821792 106.85691642 45150
-6.23772821792 106.85691642 45151
-6.23772821792 106.85691642 45152
-6.23772821792 106.85691642 45153
-6.23772821792 106.85691642 45154
-6.23772821792 106.85691642 45155
-6.23772821792 106.85691642 45156
-6.23772821792 106.85691642 45157
-6.23772821792 106.85691642 45158
-6.23772821792 106.85691642 45159
-6.23772821792 106.85691642 45160
-6.23772821792 106.85691642 45161
-6.23772821792 106.85691642 45162
-6.23772821792 106.85691642 45163
-6.23772821792 106.85691642 45164
-6.23772821792 106.85691642 45165
-6.23772821792 106.85691642 45166
-6.23772821792 106.85691642 45167
-6.23772821792 106.85691642 45168
-6.23772821792 106.85691642 45169
-6.23772821792 106.85691642 45170
-6.23772821792 106.85691642 45171
-6.23772821792 106.85691642 45172
-6.23772821792 106.85691642 45173
-6.23772821792 106.85691642 45174
-6.23772821792 106.85691642 45175
-6.23772821792 106.85691642 45176
-6.23772821792 106.85691642 45177
-6.23772821792 106.85691642 45178
-6.23772821792 106.85691642 45179
-6.23772821792 106.85691642 45180
-6.23772821792 106.85691642 45181
-6.23772821792 106.85691642 45182
-6.23772821792 106.85691642 45183
-6.23772821792 106.85691642 45184
-6.23772821792 106.85691642 45185
-6.23773856179 106.856972176 45186
-6.23773856179 106.856972176 45187
-6.23773856179 106.856972176 45188
-6.23773856179 106.856972176 45189
-6.23773856179 106.856972176 45190
-6.23773856179 106.856972176 45191
-6.23773856179 106.856972176 45192
-6.23773856179 106.856972176 45193
-6.23773856179 106.856972176 45194
-6.23773058087 106.856996481 45195
-6.23773058087 106.856996481 45196
-6.23773058087 106.856996481 45197
-6.23773058087 106.856996481 45198
-6.23773058087 106.856996481 45199
-6.23773058087 106.856996481 45200
-6.23773058087 106.856996481 45201
-6.23773058087 106.856996481 45202
-6.23773058087 106.856996481 45203
-6.23773058087 106.856996481 45204
-6.23773058087 106.856996481 45205
-6.23773058087 106.856996481 45206
-6.23773058087 106.856996481 45207
-6.23773058087 106.856996481 45208
-6.23773058087 106.856996481 45209
-6.23773058087 106.856996481 45210
-6.23773058087 106.856996481 45211
-6.23773058087 106.856996481 45212
-6.23773058087 106.856996481 45213
-6.23773058087 106.856996481 45214
-6.23773058087 106.856996481 45215
-6.23773058087 106.856996481 45216
-6.23773058087 106.856996481 45217
-6.23773058087 106.856996481 45218
-6.23773058087 106.856996481 45219
-6.23773058087 106.856996481 45220
-6.23773058087 106.856996481 45221
-6.23773058087 106.856996481 45222
-6.23773058087 106.856996481 45223
-6.23773058087 106.856996481 45224
-6.23773058087 106.856996481 45225
-6.23773058087 106.856996481 45226
-6.23773058087 106.856996481 45227
-6.23773058087 106.856996481 45228
-6.23773058087 106.856996481 45229
-6.23773058087 106.856996481 45230
-6.23773058087 106.856996481 45231
-6.23773058087 106.856996481 45232
-6.23773058087 106.856996481 45233
-6.23773058087 106.856996481 45234
-6.23773058087 106.856996481 45235
-6.23773058087 106.856996481 45236
-6.23773058087 106.856996481 45237
-6.23773058087 106.856996481 45238
-6.23773058087 106.856996481 45239
-6.23773058087 106.856996481 45240
-6.23773058087 106.856996481 45241
-6.23773058087 106.856996481 45242
-6.23773058087 106.856996481 45243
-6.23773058087 106.856996481 45244
-6.23773058087 106.856996481 45245
-6.23773058087 106.856996481 45246
-6.23773058087 106.856996481 45247
-6.23773058087 106.856996481 45248
-6.23773058087 106.856996481 45249
-6.23773058087 106.856996481 45250
-6.23773058087 106.856996481 45251
-6.23773058087 106.856996481 45252
-6.23773058087 106.856996481 45253
-6.23773058087 106.856996481 45254
-6.23773058087 106.856996481 45255
-6.23773058087 106.856996481 45256
-6.23773058087 106.856996481 45257
-6.23773058087 106.856996481 45258
-6.23773058087 106.856996481 45259
-6.23773058087 106.856996481 45260
-6.23773058087 106.856996481 45261
-6.23773058087 106.856996481 45262
-6.23773058087 106.856996481 45263
-6.23773058087 106.856996481 45264
-6.23773058087 106.856996481 45265
-6.23773058087 106.856996481 45266
-6.23773058087 106.856996481 45267
-6.23773058087 106.856996481 45268
-6.23773058087 106.856996481 45269
-6.23773058087 106.856996481 45270
-6.23773058087 106.856996481 45271
-6.23773058087 106.856996481 45272
-6.23773058087 106.856996481 45273
-6.23773058087 106.856996481 45274
-6.23773058087 106.856996481 45275
-6.23773058087 106.856996481 45276
-6.23773058087 106.856996481 45277
-6.23773058087 106.856996481 45278
-6.23773058087 106.856996481 45279
-6.23773058087 106.856996481 45280
-6.23773058087 106.856996481 45281
-6.23773058087 106.856996481 45282
-6.23773058087 106.856996481 45283
-6.23773058087 106.856996481 45284
-6.23773058087 106.856996481 45285
-6.23773058087 106.856996481 45286
-6.23773058087 106.856996481 45287
-6.23773058087 106.856996481 45288
-6.23773058087 106.856996481 45289
-6.23773058087 106.856996481 45290
-6.23773058087 106.856996481 45291
-6.23773058087 106.856996481 45292
-6.23773058087 106.856996481 45293
-6.23773058087 106.856996481 45294
-6.23773058087 106.856996481 45295
-6.23773058087 106.856996481 45296
-6.23773058087 106.856996481 45297
-6.23773058087 106.856996481 45298
-6.23773058087 106.856996481 45299
-6.23773058087 106.856996481 45300
-6.23773058087 106.856996481 45301
-6.23773058087 106.856996481 45302
-6.23773058087 106.856996481 45303
-6.23773058087 106.856996481 45304
-6.23773058087 106.856996481 45305
-6.23773058087 106.856996481 45306
-6.23773058087 106.856996481 45307
-6.23773058087 106.856996481 45308
-6.23773058087 106.856996481 45309
-6.23773058087 106.856996481 45310
-6.23773058087 106.856996481 45311
-6.23773058087 106.856996481 45312
-6.23773058087 106.856996481 45313
-6.23773058087 106.856996481 45314
-6.23773058087 106.856996481 45315
-6.23773058087 106.856996481 45316
-6.23773058087 106.856996481 45317
-6.23773058087 106.856996481 45318
-6.23773058087 106.856996481 45319
-6.23773058087 106.856996481 45320
-6.23773058087 106.856996481 45321
-6.23773058087 106.856996481 45322
-6.23773058087 106.856996481 45323
-6.23773058087 106.856996481 45324
-6.23773058087 106.856996481 45325
-6.23773058087 106.856996481 45326
-6.23773058087 106.856996481 45327
-6.23773058087 106.856996481 45328
-6.23773058087 106.856996481 45329
-6.23773058087 106.856996481 45330
-6.23777428775 106.856970962 45331
-6.2377756119 106.856971087 45332
-6.23777558532 106.856970902 45333
-6.23777642981 106.856968576 45334
-6.23777681464 106.856968656 45335
-6.23777743106 106.856967896 45336
-6.23777911608 106.856968401 45337
-6.23778013595 106.856968519 45338
-6.23778137504 106.856968944 45339
-6.23778014785 106.856968538 45340
-6.23778197407 106.856968618 45341
-6.23778204907 106.856968536 45342
-6.23778196167 106.856968502 45343
-6.23778205887 106.856968492 45344
-6.2377822779 106.85696844 45345
-6.23778210359 106.856968359 45346
-6.23778163571 106.856968344 45347
-6.23778173423 106.856968819 45348
-6.23778204362 106.856969253 45349
-6.23778271138 106.85696972 45350
-6.2377828698 106.856970076 45351
-6.23778296275 106.856970264 45352
-6.2377827974 106.856970369 45353
-6.2377826995 106.856970507 45354
-6.23778211955 106.856970605 45355
-6.2377820196 106.856970663 45356
-6.23778191552 106.856970771 45357
-6.23778166411 106.856970895 45358
-6.23778148354 106.85697093 45359
-6.23778154154 106.856971049 45360
-6.23778146863 106.856971011 45361
-6.23778143777 106.856971012 45362
-6.23778140244 106.856971008 45363
-6.2377813736 106.856971022 45364
-6.23778138963 106.856971011 45365
-6.2377813973 106.856971005 45366
-6.23778142868 106.856971035 45367
-6.23778138798 106.856971034 45368
-6.23778139346 106.856971033 45369
-6.23778138303 106.856971022 45370
-6.23778143324 106.856971012 45371
-6.23778142247 106.856971026 45372
-6.23778144774 106.856971016 45373
-6.23778145901 106.856971011 45374
-6.23778145301 106.856970979 45375
-6.23778147945 106.85697095 45376
-6.23778148567 106.856970952 45377
-6.23778151101 106.85697096 45378
-6.23778156981 106.856970939 45379
-6.23778163553 106.856970952 45380
-6.23778171063 106.856970945 45381
-6.23778172301 106.856970913 45382
-6.23778171345 106.856970886 45383
-6.23778173021 106.856970838 45384
-6.23778168257 106.856970807 45385
-6.2377816556 106.85697081 45386
-6.23778166666 106.856970821 45387
-6.23778167196 106.856970783 45388
-6.23778163245 106.856970754 45389
-6.23778170621 106.856970791 45390
-6.23778193119 106.856970869 45391
-6.23778230514 106.856970873 45392
-6.23778566123 106.856970528 45393
-6.23778882623 106.856971317 45394
-6.23779366958 106.856970522 45395
-6.23779458324 106.856970432 45396
-6.23779467631 106.856970216 45397
-6.23779469556 106.856970199 45398
-6.23779473103 106.856970205 45399
-6.23779484339 106.856969838 45400
-6.23779620139 106.856969028 45401
-6.23779793423 106.856969292 45402
-6.2378024399 106.856967974 45403
-6.23780356276 106.85696785 45404
-6.23780380182 106.856966192 45405
-6.23780800472 106.856964265 45406
-6.2378089786 106.856965276 45407
-6.23781325017 106.856965326 45408
-6.23781710548 106.856966135 45409
-6.237817869 106.856966536 45410
-6.23781747201 106.856966583 45411
-6.23781705927 106.856966939 45412
-6.2378167397 106.856966805 45413
-6.23781671757 106.856966778 45414
-6.23781669023 106.856966758 45415
-6.23781665048 106.856966766 45416
-6.23781657325 106.856966783 45417
-6.23781647903 106.856966759 45418
-6.23781645691 106.856966761 45419
-6.23781638095 106.856966781 45420
-6.23781631666 106.85696678 45421
-6.23781623767 106.85696678 45422
-6.23781615934 106.856966805 45423
-6.23781608706 106.856966827 45424
-6.23781607844 106.856966792 45425
-6.23781605855 106.85696676 45426
-6.23781602733 106.856966747 45427
-6.23781600745 106.856966704 45428
-6.23781597515 106.856966667 45429
-6.23781590236 106.856966663 45430
-6.23781563917 106.856966595 45431
-6.2378159 106.8569667 45434
-6.2378159 106.8569667 45439
-6.2378159 106.8569667 45444
-6.2378159 106.8569667 45449
-6.2378159 106.8569667 45455
-6.2378159 106.8569667 45460
-6.2378159 106.8569667 45465
-6.2378159 106.8569667 45470
-6.2378159 106.8569667 45475
-6.2378159 106.8569667 45481
-6.2378159 106.8569667 45486
-6.2378159 106.8569667 45491
-6.2378159 106.8569667 45496
-6.2378159 106.8569667 45501
-6.2378159 106.8569667 45506
-6.2378159 106.8569667 45511
-6.2378159 106.8569667 45516
-6.23779344325 106.856955361 45520
-6.2377934 106.8569563 45523
-6.2377934 106.8569563 45528
-6.2377934 106.8569563 45533
-6.2378012 106.856955 45539
-6.2378012 106.856955 45545
-6.2378012 106.856955 45550
-6.2377903 106.8569551 45555
-6.23778549865 106.856952334 45558
-6.237787 106.8569532 45561
-6.237787 106.8569532 45566
-6.237787 106.8569532 45571
-6.237787 106.8569532 45576
-6.237787 106.8569532 45581
-6.23778515884 106.856954535 45585
-6.2377855 106.8569543 45588
-6.23778528377 106.856955131 45591
-6.2377854 106.8569546 45594
-6.2377854 106.8569546 45599
-6.2377854 106.8569546 45604
-6.23778871595 106.856958291 45607
-6.2377887 106.8569583 45610
-6.2377887 106.8569583 45615
-6.2377887 106.8569583 45620
-6.2377887 106.8569583 45625
-6.2377887 106.8569583 45631
-6.2377883 106.8569671 45636
-6.2377883 106.8569671 45641
-6.2377883 106.8569671 45646
-6.2377883 106.8569671 45651
-6.2377883 106.8569671 45657
-6.2377985 106.8569974 45662
-6.2377985 106.8569974 45667
