-6.21378245035 106.784607672 43014
-6.21371826324 106.784541181 43020
-6.21371346822 106.784494716 43025
-6.21369956797 106.784486392 43031
-6.21362964439 106.784461856 43037
-6.21360261331 106.784467566 43043
-6.21360261331 106.784467566 43049
-6.21356659046 106.78440333 43055
-6.21355710754 106.784403488 43061
-6.21355592844 106.784398464 43067
-6.21355926083 106.784429203 43073
-6.21355307168 106.784448104 43079
-6.21355153186 106.784469481 43085
-6.21354348769 106.784460211 43091
-6.2135367856 106.784453469 43097
-6.21353471541 106.784451434 43103
-6.21353251744 106.784449446 43109
-6.21353299132 106.784443443 43115
-6.21353556326 106.784444177 43121
-6.21353299246 106.784447855 43127
-6.21352853914 106.7844566 43133
-6.21353016409 106.784458855 43139
-6.21353090698 106.784481704 43145
-6.21352043571 106.784542791 43151
-6.2135041148 106.784777768 43157
-6.21350156246 106.785012378 43163
-6.21349319601 106.785186394 43169
-6.21349099751 106.7853403 43175
-6.21348546225 106.785488754 43181
-6.21346490284 106.785622801 43187
-6.21345821722 106.785730689 43193
-6.21345432394 106.785862704 43199
