1.34052019543 103.706217676 64845
1.34064349222 103.706532626 64856
1.34058979781 103.706619068 64863
1.34060132086 103.706627388 64869
1.34060202265 103.706649425 64875
1.34068205341 103.70667082 64881
1.3407468052 103.706864733 64887
1.34055989186 103.707108762 64893
1.34022628648 103.707230624 64899
1.34005951785 103.707357586 64905
1.34002704985 103.707412961 64911
1.34002704985 103.707412961 64917
1.34002704985 103.707412961 64923
1.34002704985 103.707412961 64929
1.34002488971 103.707453301 64935
1.34001149639 103.707457922 64941
1.33992462586 103.707529669 64947
1.33988185334 103.707679759 64953
1.34005742511 103.708020945 64959
1.34023468467 103.708382117 64965
1.34031559771 103.708515805 64971
1.34031559771 103.708515805 64977
1.34031559771 103.708515805 64983
1.34025852683 103.708550758 64989
1.34025852683 103.708550758 64995
1.34023249231 103.708566182 65001
1.34023960079 103.708558492 65007
1.3402328127 103.708550544 65013
1.34025706865 103.708599981 65019
1.34034265042 103.708800095 65025
1.34045822974 103.709177336 65031
1.3406355734 103.709695347 65037
1.34080092984 103.710173304 65043
1.34094370426 103.71058875 65049
1.34105587132 103.71087806 65055
1.3410799966 103.710930108 65061
1.3410799966 103.710930108 65067
1.3410799966 103.710930108 65073
1.3410799966 103.710930108 65079
1.34109438184 103.710937406 65085
1.34110164345 103.710955421 65091
1.34119484894 103.711141063 65097
1.34127554487 103.711394724 65103
1.34139665524 103.711708009 65109
1.34155119467 103.712093749 65115
1.34160104814 103.712207143 65121
1.34160104814 103.712207143 65127
1.34160104814 103.712207143 65133
1.34161964358 103.712240052 65139
1.34166637208 103.712387041 65145
1.34179192799 103.712785993 65151
1.34198823455 103.71331247 65157
1.34220067319 103.713891577 65163
1.34237427282 103.714249271 65169
1.3423904197 103.714276534 65175
1.3423904197 103.714276534 65181
1.3424216864 103.714354791 65187
1.34245889824 103.714623324 65193
1.34259023991 103.715037332 65199
1.34270083764 103.71535402 65205
1.34276307864 103.715504378 65211
1.34279409082 103.715586866 65217
1.34282347989 103.715662468 65223
1.34282347989 103.715662468 65229
1.34282347989 103.715662468 65235
1.34282347989 103.715662468 65241
1.34282347989 103.715662468 65247
1.34284288426 103.715710299 65253
1.34285250907 103.715835274 65259
1.3426462721 103.715955929 65265
1.34223030104 103.715994633 65271
1.34205666382 103.716005357 65277
1.34205666382 103.716005357 65283
1.34205666382 103.716005357 65289
1.34202157028 103.716048868 65295
1.34179041194 103.71603569 65301
1.34127240262 103.716014835 65307
1.34060251408 103.716124975 65313
1.34000508371 103.7162918 65319
1.3398546382 103.716335899 65325
1.33993592036 103.716312428 65331
1.33995638295 103.716311951 65337
1.33974965229 103.716395754 65343
1.33950511005 103.716500653 65349
1.33948937201 103.716505815 65355
1.33948937201 103.716505815 65361
1.33944880552 103.716519192 65367
1.3392279286 103.716615509 65373
1.33886236184 103.716738318 65379
1.33831654174 103.71694842 65385
1.33779045935 103.717285082 65391
1.33751201148 103.717608784 65397
1.337502038 103.717810929 65403
1.33774817033 103.718134055 65409
1.33782838376 103.718244749 65415
1.33782838376 103.718244749 65421
1.33782838376 103.718244749 65427
1.33789485703 103.718250671 65433
1.33799141424 103.718315454 65439
1.33802662331 103.718380411 65445
1.33805102243 103.718445505 65451
1.33809157518 103.718479523 65457
1.3381158083 103.718499676 65463
1.33817607185 103.718549442 65469
1.33821003191 103.718587776 65475
1.3382589898 103.718625709 65481
1.33826539924 103.71863059 65487
1.33832044035 103.718700766 65493
1.33836392623 103.718731484 65499
1.33836392623 103.718731484 65505
1.33841217796 103.718755808 65511
1.33841217796 103.718755808 65517
1.33841217796 103.718755808 65523
1.33841217796 103.718755808 65529
1.33841217796 103.718755808 65535
1.33848296765 103.718699137 65541
1.33848296765 103.718699137 65547
1.33848296765 103.718699137 65553
1.33848296765 103.718699137 65559
1.33863750465 103.718826128 65565
1.33863750465 103.718826128 65571
1.33879905408 103.718929754 65577
1.33889528409 103.719067593 65583
1.33893498695 103.719094909 65589
1.33898323756 103.719151377 65595
1.33906578084 103.719189102 65601
1.33906578084 103.719189102 65607
1.33918581618 103.719285688 65613
1.3393194145 103.719356686 65619
1.33940115462 103.719448844 65625
1.33936047122 103.71953482 65631
1.33960787996 103.719671769 65713
1.33960787996 103.719671769 65719
1.33960787996 103.719671769 65725
1.33960787996 103.719671769 65731
1.33956620643 103.719733197 65737
