-6.2615611 106.8123661 69638
-6.2615611 106.8123661 69643
-6.26168301475 106.812534147 69651
-6.26168301475 106.812534147 69651
-6.26189135548 106.81249429 69657
-6.26189135548 106.81249429 69657
-6.26216266721 106.812398 69663
-6.26216266721 106.812398 69663
-6.26239236812 106.812375181 69669
-6.26239236812 106.812375181 69669
-6.2623838 106.8123761 69671
-6.26255156262 106.812324414 69679
-6.26255156262 106.812324414 69679
-6.2625418 106.8123274 69682
-6.26211014598 106.812234032 69691
-6.26187941243 106.812225133 69698
-6.26187941243 106.812225133 69698
-6.26156888753 106.812177017 69705
-6.26156888753 106.812177017 69705
-6.26127069816 106.812042852 69712
-6.26127069816 106.812042852 69712
-6.26102332569 106.811945367 69718
-6.26082795714 106.811849085 69724
-6.26082795714 106.811849085 69724
-6.26071184277 106.811767622 69730
-6.26071184277 106.811767622 69730
-6.26062979803 106.811685487 69736
-6.26062979803 106.811685487 69736
-6.2606435 106.8116987 69738
-6.26004564995 106.8111818 69753
-6.26004564995 106.8111818 69753
-6.25991287896 106.811070566 69759
-6.25991287896 106.811070566 69759
-6.25975940409 106.810958279 69765
-6.25975940409 106.810958279 69765
-6.25958890163 106.810849026 69771
-6.25940770406 106.810762844 69777
-6.25940770406 106.810762844 69777
-6.2590869137 106.810566048 69783
-6.2590869137 106.810566048 69783
-6.2587043771 106.810359778 69789
-6.2587043771 106.810359778 69789
-6.25852339779 106.810269344 69795
-6.25852339779 106.810269344 69795
-6.25842358038 106.810256525 69801
-6.25842358038 106.810256525 69801
-6.25811113193 106.810177016 69807
-6.25811113193 106.810177016 69807
-6.25769563809 106.810095175 69813
-6.25769563809 106.810095175 69813
-6.2576956 106.8100952 69815
-6.2570501607 106.810101353 69823
-6.2570501607 106.810101353 69823
-6.25666692999 106.810132498 69830
-6.25666692999 106.810132498 69830
-6.25634621119 106.810145005 69836
-6.25631336294 106.81014931 69842
-6.25631336294 106.81014931 69842
-6.25631336294 106.81014931 69848
-6.25631336294 106.81014931 69848
-6.25631336294 106.81014931 69854
-6.25631336294 106.81014931 69854
-6.25617810179 106.810131302 69860
-6.25617810179 106.810131302 69860
-6.25612143042 106.810120048 69866
-6.25612143042 106.810120048 69866
-6.25611651198 106.810119674 69872
-6.25611651198 106.810119674 69872
-6.25610511549 106.810125325 69878
-6.25610511549 106.810125325 69878
-6.25607247572 106.810124885 69884
-6.25607247572 106.810124885 69884
-6.25602999183 106.810127597 69890
-6.25602999183 106.810127597 69890
-6.25602580914 106.810128535 69896
-6.25602580914 106.810128535 69896
-6.255986715 106.81012822 69902
-6.255986715 106.81012822 69902
-6.2559244226 106.810125399 69908
-6.2559244226 106.810125399 69908
-6.25582498182 106.810049624 69914
-6.25582498182 106.810049624 69914
-6.25582564006 106.8098273 69920
-6.25582564006 106.8098273 69920
-6.25582783537 106.809533632 69926
-6.25582783537 106.809533632 69926
-6.25583426498 106.809295933 69932
-6.25583426498 106.809295933 69932
-6.25579750353 106.809107459 69938
-6.25579750353 106.809107459 69938
-6.25550413563 106.808913927 69944
-6.25550413563 106.808913927 69944
-6.25523199909 106.808859789 69950
-6.25523199909 106.808859789 69950
-6.25516545909 106.808668245 69956
-6.25516545909 106.808668245 69956
-6.25503622637 106.808295575 69962
-6.25503622637 106.808295575 69962
-6.25498330654 106.808192009 69968
-6.25498330654 106.808192009 69968
-6.2550094 106.8082431 69970
-6.2556512 106.8084354 69976
-6.25498330654 106.808192009 69985
-6.25498330654 106.808192009 69985
-6.2549952 106.8082133 69984
-6.25498330654 106.808192009 69992
-6.25498330654 106.808192009 69992
-6.25498330654 106.808192009 69998
-6.25498330654 106.808192009 69998
-6.25493983428 106.808159729 70009
-6.25493983428 106.808159729 70009
-6.2549511 106.8081685 70012
-6.254951 106.8081684 70017
-6.25493983428 106.808159729 70025
-6.25493983428 106.808159729 70025
-6.2549412 106.8081608 70028
-6.25493983428 106.808159729 70038
-6.25493983428 106.808159729 70038
-6.25493983428 106.808159729 70044
-6.25493983428 106.808159729 70044
-6.25493983428 106.808159729 70050
-6.25493983428 106.808159729 70050
-6.25501252065 106.808146877 70056
-6.25501252065 106.808146877 70056
-6.25501252065 106.808146877 70062
-6.25501252065 106.808146877 70062
-6.25501252065 106.808146877 70068
-6.25501252065 106.808146877 70068
-6.25504570774 106.808095511 70074
-6.25495902326 106.807989084 70080
-6.25495902326 106.807989084 70080
-6.25467204468 106.807986793 70086
-6.25467204468 106.807986793 70086
-6.25409697043 106.8080095 70092
-6.25409697043 106.8080095 70092
-6.25344033749 106.80806603 70098
-6.25344033749 106.80806603 70098
-6.2534403 106.808066 70100
-6.252444 106.8088041 70106
-6.25150305885 106.809127173 70115
-6.25150305885 106.809127173 70115
-6.25083192759 106.809634415 70122
-6.25016987651 106.809677598 70129
-6.25016987651 106.809677598 70129
-6.2501699 106.8096776 70128
-6.24971049475 106.809476148 70135
-6.24936962372 106.809117989 70141
-6.24945009129 106.808717236 70147
-6.24945009129 106.808717236 70147
-6.2495537225 106.808468551 70153
-6.2495537225 106.808468551 70153
-6.24951848359 106.808118861 70159
-6.24951848359 106.808118861 70159
-6.24928465424 106.807754396 70165
-6.24901874777 106.807305455 70171
-6.24901874777 106.807305455 70171
-6.2490187 106.8073055 70173
-6.24848846229 106.806743789 70181
-6.24848846229 106.806743789 70181
-6.24788394278 106.806261324 70188
-6.24788394278 106.806261324 70188
-6.24777320804 106.806190869 70194
-6.24777320804 106.806190869 70194
-6.2478071 106.8062125 70196
-6.24777320804 106.806190869 70204
-6.24777320804 106.806190869 70204
-6.24777320804 106.806190869 70211
-6.24777320804 106.806190869 70211
-6.24777320804 106.806190869 70218
-6.24777320804 106.806190869 70218
-6.24777320804 106.806190869 70225
-6.24777320804 106.806190869 70225
-6.24777320804 106.806190869 70232
-6.24777320804 106.806190869 70232
-6.24777320804 106.806190869 70239
-6.24777320804 106.806190869 70239
-6.24777320804 106.806190869 70245
-6.24777320804 106.806190869 70245
-6.24777320804 106.806190869 70251
-6.24777320804 106.806190869 70251
-6.24777320804 106.806190869 70257
-6.24777320804 106.806190869 70257
-6.24777320804 106.806190869 70267
-6.24777320804 106.806190869 70267
-6.24777320804 106.806190869 70274
-6.24777320804 106.806190869 70274
-6.24777320804 106.806190869 70281
-6.24777320804 106.806190869 70281
-6.24777320804 106.806190869 70288
-6.24777320804 106.806190869 70288
-6.2477732 106.8061909 70291
-6.2477732 106.8061909 70293
-6.2477732 106.8061909 70298
-6.24777320804 106.806190869 70307
-6.24777320804 106.806190869 70307
-6.24777320804 106.806190869 70314
-6.24777320804 106.806190869 70314
-6.24763330491 106.80607429 70321
-6.24763330491 106.80607429 70321
-6.2475023772 106.806042348 70327
-6.2475023772 106.806042348 70327
-6.24728376753 106.806183969 70333
-6.24728376753 106.806183969 70333
-6.2472838 106.806184 70335
-6.24656692972 106.806761242 70343
-6.24656692972 106.806761242 70343
-6.24601459903 106.807206181 70350
-6.24601459903 106.807206181 70350
-6.24560232794 106.807531177 70356
-6.24560232794 106.807531177 70356
-6.2456023 106.8075312 70358
-6.24496366075 106.807962005 70366
-6.24496366075 106.807962005 70366
-6.2449637 106.807962 70369
-6.2444691 106.8084354 70374
-6.2444691 106.8084354 70380
-6.24357674739 106.808084109 70387
-6.24357674739 106.808084109 70387
-6.24339993795 106.808003884 70395
-6.24339993795 106.808003884 70395
-6.24310070261 106.807940732 70401
-6.24310070261 106.807940732 70401
-6.24285421595 106.807863334 70407
-6.24285421595 106.807863334 70407
-6.24259603062 106.807789107 70413
-6.24259603062 106.807789107 70413
-6.2422796906 106.807711483 70419
-6.2422796906 106.807711483 70419
-6.24186633547 106.807589503 70425
-6.24186633547 106.807589503 70425
-6.24133736568 106.807443384 70431
-6.24133736568 106.807443384 70431
-6.24086875118 106.807362577 70436
-6.240770915 106.807347066 70437
-6.2402367134 106.807270568 70443
-6.2402367134 106.807270568 70443
-6.23980989722 106.807233095 70449
-6.23980989722 106.807233095 70449
-6.23929000695 106.807204709 70461
-6.23929000695 106.807204709 70461
-6.23896033638 106.80724106 70467
-6.23896033638 106.80724106 70467
-6.23851582631 106.807210566 70473
-6.23851582631 106.807210566 70473
-6.23810577905 106.807241132 70479
-6.23810577905 106.807241132 70479
-6.23787026818 106.807282064 70485
-6.23787026818 106.807282064 70485
-6.23773980782 106.807315112 70491
-6.23773980782 106.807315112 70491
-6.23764797746 106.80733816 70497
-6.23764797746 106.80733816 70497
-6.23752540173 106.807368445 70503
-6.23752540173 106.807368445 70503
-6.2375355 106.8073659 70505
-6.2371461 106.8076979 70511
-6.23718973552 106.807463826 70520
-6.23718973552 106.807463826 70520
-6.236974697 106.807529011 70527
-6.236974697 106.807529011 70527
-6.2367695904 106.807550499 70533
-6.2367695904 106.807550499 70533
-6.23657080969 106.80755106 70539
-6.23657080969 106.80755106 70539
