-6.21854643443 106.778680027 40572
-6.21850664379 106.778786212 40578
-6.21864968856 106.778837033 40584
-6.21886853222 106.779163063 40590
-6.21914588658 106.779655913 40596
-6.21944670324 106.780179075 40602
-6.21985133295 106.780806978 40608
-6.22023100002 106.781404793 40614
-6.22049822723 106.78179292 40620
-6.22068834845 106.782075973 40626
-6.22094142041 106.782483764 40632
-6.22127815213 106.782998024 40638
-6.22155306424 106.783432372 40644
-6.22164580131 106.783549775 40650
-6.22170243353 106.783683072 40656
-6.22188851992 106.784076978 40661
-6.22223605961 106.784560535 40667
-6.22251642868 106.784920352 40673
-6.22266797971 106.785214365 40679
-6.22260669976 106.785530972 40685
-6.22246820352 106.785981094 40691
-6.22217091035 106.786420991 40697
-6.2218249402 106.786772685 40703
-6.22169956074 106.787157153 40709
-6.22179104351 106.78754024 40715
-6.22191773033 106.788057757 40721
-6.22219689977 106.788594198 40727
-6.22250738757 106.789162427 40733
-6.22278051073 106.789694218 40739
-6.2231155739 106.790260045 40745
-6.2234878537 106.790798311 40751
-6.2235635788 106.791369387 40757
-6.22353802504 106.791985684 40763
-6.22351572226 106.792590024 40769
-6.22344247977 106.793204189 40775
-6.22334183706 106.793855076 40781
-6.22322540263 106.794569856 40787
-6.22310570818 106.79492719 40793
-6.22280159634 106.795079828 40799
-6.22215390597 106.795119867 40805
-6.22139910723 106.795184468 40811
-6.22060107967 106.795259758 40817
-6.2198555216 106.79536037 40823
-6.2191928694 106.795434139 40829
-6.21878653346 106.795475151 40835
-6.21863482112 106.795655064 40841
-6.21857252421 106.796154392 40847
-6.21854261619 106.796818685 40853
-6.21852633071 106.79741203 40859
-6.2185073551 106.797893482 40865
-6.21851150945 106.798128655 40871
-6.21834040497 106.798231914 40877
-6.21788365137 106.798317558 40883
-6.21719104087 106.798370048 40889
-6.2164204546 106.798353316 40895
-6.21568375729 106.798278641 40901
-6.21495974442 106.798162894 40907
-6.21458063216 106.798163696 40913
-6.21436196328 106.79849992 40919
-6.21417241161 106.799103086 40925
-6.21395433451 106.799839882 40931
-6.21374160086 106.800597134 40937
-6.21355952383 106.801351137 40943
-6.2133810065 106.80211339 40949
-6.21323752434 106.802796943 40955
-6.21310798797 106.8035349 40961
-6.21295700018 106.804224683 40967
-6.21282727996 106.804801218 40973
-6.21269757524 106.805446294 40979
-6.21254429228 106.806187563 40985
-6.21233908573 106.806923981 40991
-6.21211489293 106.807560931 40997
-6.21201016981 106.808128836 41003
-6.21234471451 106.808363842 41009
-6.21280485038 106.808476529 41015
-6.21328535587 106.808632196 41021
-6.21377413627 106.808965651 41027
-6.21423544799 106.809241941 41033
-6.2147418258 106.809606099 41039
-6.21536877258 106.810004714 41045
-6.21596784088 106.810408324 41051
-6.21653971535 106.810760414 41057
-6.21709870454 106.811089016 41063
-6.21757396867 106.811402437 41069
-6.21782200713 106.811670067 41075
-6.2179986413 106.811975595 41081
-6.2181232064 106.812445335 41087
-6.21816746624 106.812958762 41093
-6.21848058177 106.813386219 41099
-6.21907395462 106.813791772 41105
-6.21974333949 106.813849028 41111
-6.22035982483 106.813592808 41117
-6.22091400228 106.813225285 41123
-6.22111493924 106.812707237 41129
-6.22101791523 106.811960297 41135
-6.22095796187 106.811280372 41141
-6.22108124936 106.810725575 41147
-6.22137227793 106.810307421 41153
-6.22172901995 106.809772957 41159
-6.22209615059 106.809306412 41165
-6.22237012765 106.809107296 41171
-6.22251983289 106.809094343 41177
-6.22275519012 106.809176229 41183
-6.22308167885 106.809479134 41189
-6.22342815183 106.809877431 41195
-6.22384572578 106.810205235 41201
-6.22440124791 106.810432767 41207
-6.22496173919 106.810497345 41213
-6.22546536945 106.810541925 41219
-6.22573402468 106.810486932 41225
-6.22580565309 106.810253763 41231
-6.22577169515 106.809697995 41237
-6.22577087899 106.80927338 41243
-6.22572468548 106.8090035 41249
-6.22555604541 106.808931264 41255
-6.22514118502 106.808919343 41261
-6.2245407144 106.808951496 41267
-6.22406957865 106.80912459 41273
-6.22361347386 106.809377417 41279
-6.22330539033 106.809625316 41285
-6.22327482668 106.809818752 41291
-6.22340539931 106.809963917 41297
-6.22380873491 106.810148707 41303
-6.22429568222 106.810331416 41309
-6.22469753204 106.810375746 41315
-6.22518726245 106.810437228 41321
-6.2255627791 106.810546194 41327
-6.22569111653 106.810834985 41333
-6.22577097305 106.811318499 41339
-6.22584066099 106.811799525 41345
-6.22609524306 106.81213917 41351
-6.22624602424 106.812460291 41357
-6.22608379742 106.81281478 41363
-6.22559280539 106.813009967 41369
-6.22505068117 106.812987768 41375
-6.22469711755 106.813120742 41381
-6.22432736915 106.813448767 41387
-6.2239025608 106.814003048 41393
-6.22358648419 106.814454704 41399
-6.22343157424 106.814650207 41405
-6.22326912902 106.814583606 41411
-6.22281185369 106.814348038 41417
-6.22223555033 106.814024559 41423
-6.22178406376 106.813692412 41429
-6.22142441866 106.813459626 41435
-6.22125666357 106.813336861 41441
-6.2210629642 106.813115096 41447
-6.2208593265 106.812689795 41453
-6.22075847017 106.81205919 41459
-6.2204453784 106.811443206 41465
-6.21984564388 106.810997025 41471
-6.21907772521 106.810930421 41477
-6.21826407652 106.811217903 41483
-6.21787300772 106.811899709 41489
-6.21781226506 106.812768075 41495
-6.21778818626 106.813706684 41501
-6.21759921896 106.814566787 41507
-6.2171446916 106.815075823 41513
-6.21665778663 106.815673895 41519
-6.21631497923 106.816184677 41525
-6.21600216954 106.816592082 41531
-6.21564423563 106.817014643 41537
-6.21530581229 106.817423364 41543
-6.2150430091 106.817748664 41549
-6.2147347826 106.818029649 41555
-6.21442955684 106.81818535 41561
-6.21405699731 106.818177165 41567
-6.21359346442 106.81805367 41573
-6.21306858668 106.817858164 41579
-6.21250824808 106.817730371 41585
-6.21196852139 106.817635035 41591
-6.21139312212 106.817571551 41597
-6.210832065 106.817568596 41603
-6.21018355507 106.817615756 41609
-6.20955524606 106.817546642 41615
-6.20900094947 106.817528124 41621
-6.20856393373 106.817492092 41627
-6.20815852695 106.817418079 41633
-6.20775201762 106.817304961 41639
-6.20719062668 106.817110639 41645
-6.2065338872 106.816931474 41651
-6.20584670387 106.81675731 41657
-6.20511742779 106.816541114 41663
-6.20424294952 106.816311904 41669
-6.203350548 106.816071092 41675
-6.20248531914 106.815853894 41681
-6.20161496387 106.81564026 41687
-6.20079234607 106.815378686 41693
-6.19995204815 106.815110561 41699
-6.19915721013 106.814793858 41705
-6.19848582075 106.814518543 41711
-6.19797762821 106.814303898 41717
-6.19744246403 106.814238005 41723
-6.19677034084 106.814270231 41729
-6.19600937811 106.814341418 41735
-6.1952891742 106.814393393 41741
-6.19468459543 106.81440643 41747
-6.19442129919 106.814381083 41753
-6.19408287165 106.814453091 41759
-6.19359761576 106.814541183 41765
-6.19302933216 106.814610184 41771
-6.19255110763 106.81463528 41777
-6.19182684314 106.814768173 41783
-6.19107680196 106.814903455 41789
-6.19045980673 106.815018181 41795
-6.18981242679 106.815168229 41801
-6.18913557215 106.815294001 41807
-6.18840716206 106.815414193 41813
-6.1876976482 106.815512274 41819
-6.18697403496 106.81559475 41825
-6.18612804586 106.815546483 41831
-6.18542998394 106.815343498 41837
-6.18489323275 106.814852541 41843
-6.1843236658 106.814422285 41849
-6.18371100069 106.81412394 41855
-6.18309007798 106.813893988 41861
-6.18244688204 106.813655282 41867
-6.18182137759 106.813412607 41873
-6.18121775005 106.813217434 41879
-6.18052307966 106.813036681 41885
-6.17987538549 106.812894134 41891
-6.17922238239 106.812707903 41897
-6.17864620623 106.812530952 41903
-6.17835203077 106.812464864 41909
-6.17828753868 106.812560853 41915
-6.17848762065 106.812769758 41921
-6.17889284766 106.812972289 41927
-6.17925011737 106.813063523 41933
-6.17949829353 106.813144831 41939
-6.17955527016 106.813210906 41945
-6.17956031929 106.813373407 41951
-6.17955272432 106.813548701 41957
-6.17951700046 106.813707635 41963
-6.17952213367 106.81377172 41969
-6.17952213367 106.81377172 41975
-6.17952213367 106.81377172 41981
-6.17952213367 106.81377172 41987
-6.17952213367 106.81377172 41993
-6.1795417901 106.81380384 41999
-6.17952824355 106.8138633 42005
-6.17952824355 106.8138633 42011
-6.17948354711 106.813949929 42017
-6.17948354711 106.813949929 42023
