0.0 0.0 50771
0.0 0.0 50777
0.0 0.0 50782
0.0 0.0 54259
0.0 0.0 54264
nan nan 54269
nan nan 54274
nan nan 54279
nan nan 54284
nan nan 54289
nan nan 54294
nan nan 54299
nan nan 54304
nan nan 54309
nan nan 54314
nan nan 54319
nan nan 54324
nan nan 54329
nan nan 54334
nan nan 54339
nan nan 54344
nan nan 54349
nan nan 54354
nan nan 54359
nan nan 54364
nan nan 54369
1.350079043 103.719452638 54374
1.349834482 103.71956825 54379
1.349834482 103.71956825 54384
1.350115213 103.719489687 54389
1.349807655 103.719858038 54394
1.349689716 103.719927872 54399
1.349689716 103.719927872 54404
1.349626576 103.719485424 54409
1.349915973 103.719698985 54414
1.349789402 103.719736033 54419
1.349789402 103.719736033 54424
1.34990626 103.71970132 54429
1.349906427 103.719786277 54434
1.349753112 103.71956825 54439
1.349753112 103.71956825 54444
1.349771249 103.719596569 54449
1.350051829 103.719544193 54454
1.350024852 103.719480957 54459
1.350024852 103.719480957 54464
1.349988798 103.719537595 54469
1.350033953 103.719546325 54474
1.349673982 103.719720212 54479
1.349673982 103.719720212 54484
1.349683291 103.71978771 54489
1.349692175 103.719776849 54494
1.34970106 103.719765989 54499
1.34970106 103.719765989 54504
1.34970106 103.719765989 54509
1.34970101 103.719774718 54514
1.349710051 103.719774718 54519
1.349710051 103.719774718 54524
1.349710258 103.719776849 54529
1.349710414 103.71978771 54534
1.349719455 103.71978771 54539
1.349719455 103.71978771 54544
1.349719662 103.719789841 54549
1.349719819 103.719800701 54554
1.349720026 103.719802832 54559
1.349720026 103.719802832 54564
1.349720232 103.719804964 54569
1.349729481 103.719807095 54574
1.349729481 103.719807095 54579
1.349729481 103.719807095 54584
1.349720596 103.719817955 54589
1.349720545 103.719826684 54595
1.349720288 103.719833282 54600
1.349720288 103.719833282 54605
1.349711196 103.719842012 54610
1.349710939 103.71984861 54615
1.349701847 103.719857339 54620
1.349701847 103.719857339 54625
1.34970164 103.719855208 54630
1.349692342 103.719861806 54635
1.349692342 103.719861806 54640
1.349692342 103.719861806 54645
1.349692084 103.719868404 54650
1.349692084 103.719868404 54655
1.349691877 103.719866273 54660
1.349691877 103.719866273 54665
1.349691877 103.719866273 54670
1.349682887 103.719857544 54675
1.34968268 103.719855412 54680
1.34968268 103.719855412 54685
1.34968268 103.719855412 54690
1.34968268 103.719855412 54695
1.34968273 103.719846683 54700
1.34968273 103.719846683 54705
1.349682523 103.719844552 54710
1.349682523 103.719844552 54715
1.349682523 103.719844552 54720
1.349682523 103.719844552 54725
1.349682473 103.719853281 54730
1.349682473 103.719853281 54735
1.349682473 103.719853281 54740
1.349682473 103.719853281 54745
1.349673432 103.719853281 54750
1.349682523 103.719844552 54755
1.349682523 103.719844552 54760
1.349682523 103.719844552 54765
1.349691564 103.719844552 54770
1.349700656 103.719835823 54775
1.349709541 103.719824962 54780
1.349709541 103.719824962 54785
1.349709591 103.719816233 54790
1.349718683 103.719807504 54795
1.349718577 103.719787914 54800
1.349718577 103.719787914 54805
1.349718678 103.719770456 54810
1.349727613 103.719750866 54815
1.349727714 103.719733408 54820
1.349727714 103.719733408 54825
1.349727765 103.719724679 54830
1.349727659 103.719705089 54835
1.349736801 103.719687631 54840
1.349736801 103.719687631 54845
1.349736645 103.71967677 54850
1.349736746 103.719659312 54855
1.349745787 103.719659312 54860
1.349745787 103.719659312 54865
1.349754828 103.719659312 54870
1.349754828 103.719659312 54875
1.349754828 103.719659312 54880
1.349754828 103.719659312 54885
1.349763869 103.719659312 54890
1.349763869 103.719659312 54895
1.34977291 103.719659312 54900
1.34977291 103.719659312 54905
1.34977291 103.719659312 54910
1.34977291 103.719659312 54915
1.349781951 103.719659312 54920
1.349781951 103.719659312 54925
1.349781951 103.719659312 54930
1.349790992 103.719659312 54935
1.349790785 103.719657181 54940
1.349790785 103.719657181 54945
1.349799827 103.719657181 54950
1.349799827 103.719657181 54955
1.349799827 103.719657181 54960
1.349799827 103.719657181 54965
1.349799827 103.719657181 54970
1.349799776 103.71966591 54975
1.349799983 103.719668041 54980
1.349799983 103.719668041 54985
1.349808974 103.71967677 54990
1.349808923 103.719685499 54995
1.349808923 103.719685499 55000
1.349808923 103.719685499 55005
1.349808872 103.719694229 55010
1.349808872 103.719694229 55015
1.349808872 103.719694229 55020
1.349808872 103.719694229 55025
1.349808872 103.719694229 55030
1.349808716 103.719683368 55035
1.349808716 103.719683368 55040
1.349808716 103.719683368 55045
1.349808767 103.719674639 55050
1.349808767 103.719674639 55055
1.349808767 103.719674639 55060
1.349808767 103.719674639 55065
1.349817858 103.71966591 55070
1.349817858 103.71966591 55075
1.349817702 103.719655049 55080
1.349817702 103.719655049 55085
1.349817702 103.719655049 55090
1.349826743 103.719655049 55095
1.349835835 103.71964632 55100
1.349835835 103.71964632 55105
1.349835835 103.71964632 55110
1.349844876 103.71964632 55115
1.349853917 103.71964632 55120
1.349853917 103.71964632 55125
1.349853917 103.71964632 55130
1.349853866 103.719655049 55135
1.349853866 103.719655049 55140
