0.0 0.0 79824
0.0 0.0 79830
0.0 0.0 79835
0.0 0.0 79878
0.0 0.0 79883
1.339413642 103.720011925 79888
1.339422323 103.719998933 79893
1.339431209 103.719988073 79898
1.339431209 103.719988073 79903
1.339439889 103.719975081 79908
1.339448775 103.719964221 79913
1.33944862 103.71995336 79918
1.33944862 103.71995336 79923
1.3394573 103.719940369 79928
1.33945694 103.719927377 79933
1.33946562 103.719914386 79938
1.33946562 103.719914386 79943
1.33946521 103.719910123 79948
1.339474045 103.719907992 79953
1.339473685 103.719895001 79958
1.339473685 103.719895001 79963
1.33947348 103.71989287 79968
1.339473324 103.719882009 79973
1.33948216 103.719879878 79978
1.33948216 103.719879878 79983
1.339481955 103.719877747 79988
1.339481955 103.719877747 79993
1.339481799 103.719866886 79998
1.339481799 103.719866886 80003
1.339481594 103.719864755 80008
1.339481594 103.719864755 80013
1.339481389 103.719862624 80018
1.339481389 103.719862624 80023
1.339481183 103.719860493 80028
1.339480978 103.719858362 80033
1.339480567 103.7198541 80039
1.339480567 103.7198541 80044
1.339480567 103.7198541 80049
1.339480362 103.719851968 80054
1.339480156 103.719849837 80059
1.339480156 103.719849837 80064
1.339479951 103.719847706 80069
1.339479951 103.719847706 80074
1.339479746 103.719845575 80079
1.339479746 103.719845575 80084
1.33947954 103.719843444 80089
1.33947954 103.719843444 80094
1.339479335 103.719841313 80099
1.339479335 103.719841313 80104
1.339479335 103.719841313 80109
1.33947913 103.719839181 80114
1.33947913 103.719839181 80119
1.33947913 103.719839181 80124
1.33947913 103.719839181 80129
1.339478924 103.71983705 80134
1.339478924 103.71983705 80139
1.339478924 103.71983705 80144
1.339478924 103.71983705 80149
1.339478924 103.71983705 80154
1.339478719 103.719834919 80159
1.339478719 103.719834919 80164
1.339478719 103.719834919 80169
1.339478719 103.719834919 80174
1.339478719 103.719834919 80179
1.339478719 103.719834919 80184
1.339478513 103.719832788 80189
1.339478513 103.719832788 80194
1.339478513 103.719832788 80199
1.339478513 103.719832788 80204
1.339478258 103.719839386 80209
1.339478258 103.719839386 80214
1.339478258 103.719839386 80219
1.339478258 103.719839386 80224
1.339478053 103.719837255 80229
1.339478002 103.719845984 80234
1.339478002 103.719845984 80239
1.339478002 103.719845984 80244
1.339477797 103.719843853 80249
1.339477797 103.719843853 80254
1.339477797 103.719843853 80259
1.339477797 103.719843853 80264
1.339477592 103.719841722 80269
1.339477542 103.719850451 80274
1.339477542 103.719850451 80279
1.339477542 103.719850451 80284
1.339477336 103.71984832 80289
1.339477336 103.71984832 80294
1.339477336 103.71984832 80299
1.339477336 103.71984832 80304
1.339477336 103.71984832 80309
1.339477336 103.71984832 80314
1.339477081 103.719854918 80319
1.339477081 103.719854918 80324
1.339477081 103.719854918 80329
1.339477081 103.719854918 80334
1.339477081 103.719854918 80339
1.339477081 103.719854918 80344
1.339476875 103.719852787 80349
1.339476875 103.719852787 80354
1.339476825 103.719861516 80359
1.339476825 103.719861516 80364
1.339476825 103.719861516 80369
1.33947662 103.719859385 80374
1.33947657 103.719868114 80379
1.33947657 103.719868114 80384
1.33947657 103.719868114 80389
1.33947657 103.719868114 80394
1.339476364 103.719865983 80399
