nan nan 47479
nan nan 47485
nan nan 47491
nan nan 47497
nan nan 47503
nan nan 47509
nan nan 47515
nan nan 47521
nan nan 47527
nan nan 47533
nan nan 47539
1.277734567 103.680111021 47544
1.277807512 103.68030263 47550
1.277898941 103.680572582 47556
1.27783608 103.68083616 47562
1.27749327 103.681038625 47568
1.276880002 103.681249591 47574
1.276020984 103.681683297 47580
1.27509821 103.6822784 47586
1.274148618 103.682969308 47592
1.273245013 103.683668718 47598
1.272351324 103.684359171 47604
1.271512165 103.684997244 47610
1.27068166 103.685668114 47616
1.269842059 103.686310668 47622
1.269011445 103.686924907 47628
1.268150418 103.687651189 47634
1.267296832 103.688369189 47640
1.266706775 103.689184894 47647
1.266551546 103.690111511 47653
1.266550652 103.691035777 47659
1.266567888 103.691951311 47664
1.266594501 103.692842782 47671
1.266603135 103.693790885 47676
1.266349616 103.694730258 47682
1.265816138 103.695571474 47688
1.265499707 103.696441008 47694
1.265544936 103.697347588 47700
1.265671732 103.698256297 47706
1.265825804 103.699212909 47712
1.265988917 103.700169523 47718
1.266178917 103.701169785 47724
1.266441376 103.702032718 47730
1.267047635 103.70277791 47736
1.267834415 103.703390246 47742
1.268422734 103.704109251 47748
1.26890247 103.704919809 47754
1.269418425 103.705758685 47760
1.269906571 103.706571586 47766
1.270331418 103.707310394 47772
1.270982142 103.707964249 47778
1.271777699 103.708435 47784
1.272636665 103.708694327 47790
1.273468734 103.708835915 47796
1.274264543 103.708994961 47802
1.275051714 103.709269407 47808
1.275730166 103.70969864 47814
1.276209592 103.710376343 47820
1.276562361 103.711219692 47826
1.276888098 103.712008536 47832
1.277150478 103.712657922 47838
1.277259074 103.713056709 47844
1.277349768 103.713346486 47850
1.277603054 103.713967554 47858
1.277847538 103.714544977 47865
1.278218824 103.715346813 47871
1.278526864 103.716102873 47877
1.278961383 103.716839345 47883
1.279432059 103.717501723 47889
1.279839373 103.717987596 47895
1.28003845 103.718146644 47901
1.280065627 103.718174962 47907
1.280065723 103.718157504 47913
1.280056385 103.718135785 47919
1.280074075 103.718131523 47925
1.280254576 103.71826672 47931
1.280679562 103.718600143 47937
1.281204003 103.718933567 47943
1.281891495 103.719362804 47949
1.282651557 103.719748397 47955
1.283456721 103.720077353 47961
1.284298382 103.720308161 47967
1.285113007 103.720447416 47973
1.285972642 103.72058454 47979
1.286868386 103.720656299 47985
1.287772849 103.720521102 47991
1.288659009 103.720198537 47997
1.289355509 103.719572998 48003
1.289825601 103.718712184 48009
1.29012394 103.717731499 48015
1.29034013 103.716853433 48021
1.290565418 103.716040734 48027
1.29078206 103.715232296 48033
1.290989907 103.71441726 48039
1.291188712 103.713602224 48045
1.291505266 103.712900459 48051
1.292011943 103.712266189 48057
1.292789937 103.711845472 48063
1.293595088 103.711684085 48069
1.294445566 103.711690474 48076
1.295033599 103.711703463 48081
1.295721034 103.711688135 48087
1.296408618 103.711683665 48093
1.297250206 103.711700914 48100
1.297865461 103.711696444 48105
1.298688962 103.711676646 48111
1.299584453 103.711717953 48117
1.300552474 103.71176139 48123
1.301511449 103.711767779 48129
1.302461081 103.71175245 48135
1.303446682 103.711772039 48141
1.304423393 103.711802487 48147
1.305400602 103.711819736 48153
1.306277957 103.711832725 48159
1.307083079 103.711828255 48165
1.307779686 103.711675596 48171
1.308331472 103.711437983 48177
1.30859365 103.711289794 48183
1.308765365 103.711150334 48189
1.308973084 103.71092592 48196
1.309090547 103.710749413 48201
1.309289333 103.710581635 48207
1.309443078 103.710535858 48213
1.309678444 103.710483482 48219
1.310022051 103.710400658 48225
1.310193722 103.710306974 48231
1.310736589 103.710237139 48237
1.311550545 103.710193492 48243
1.312436734 103.710167304 48249
1.313250685 103.710086609 48255
1.314100894 103.709951408 48261
1.314951005 103.709833666 48267
1.315846784 103.709785549 48273
1.316760809 103.709822385 48279
1.317646975 103.710027211 48285
1.31847814 103.710251836 48291
1.319273385 103.710432814 48297
1.320041743 103.710496049 48303
1.320710573 103.710382777 48309
1.320909524 103.710337 48315
1.320918713 103.710310812 48321
1.320927804 103.710302083 48327
1.320927853 103.710293353 48333
1.320927903 103.710284624 48339
1.320918758 103.710265035 48345
1.320918555 103.710262906 48351
1.320927596 103.710262906 48357
1.320936435 103.710260776 48363
1.320927344 103.710269505 48369
1.320936183 103.710267376 48375
1.320945175 103.710276105 48381
1.321080941 103.710249917 48387
1.321505965 103.710158363 48393
1.321885991 103.710105987 48399
1.322374496 103.709942468 48405
1.323070948 103.709778949 48411
1.324002817 103.709554324 48417
1.32504424 103.709294569 48423
1.326058646 103.709054402 48429
1.327082139 103.708768457 48436
1.327634594 103.708602596 48441
1.327906222 103.708495712 48447
1.327887787 103.708519771 48453
1.327869655 103.708528501 48459
1.327869451 103.708526371 48465
1.327887181 103.70855043 48471
1.327959307 103.708548301 48477
1.328429786 103.708413099 48483
1.329171753 103.708271297 48489
1.330103694 103.708186131 48495
1.331207687 103.708205507 48501
1.332356856 103.708381804 48507
1.333488312 103.708645184 48513
1.334592192 103.708950084 48519
1.335497002 103.709170029 48525
1.336103439 103.709278832 48531
1.336257193 103.70930715 48537
