1.250990535 103.819336225 37900
1.250990535 103.819336225 37908
1.250999577 103.819336225 37913
1.25099953 103.81934495 37918
1.25099953 103.81934495 37923
1.25099953 103.81934495 37928
1.251008426 103.819334078 37933
1.251008426 103.819334078 37938
1.251017515 103.819325353 37943
1.251017515 103.819325353 37948
1.251035453 103.819314482 37953
1.251044542 103.819305757 37958
1.251062672 103.819297032 37963
1.251062672 103.819297032 37968
1.251071522 103.819294885 37973
1.251089652 103.81928616 37978
1.251098693 103.81928616 37983
1.251098693 103.81928616 37988
1.25110759 103.819275289 37993
1.251116632 103.819275289 37998
1.251125673 103.819275289 38003
1.251125673 103.819275289 38008
1.251134715 103.819275289 38013
1.251152606 103.819273143 38018
1.2511616 103.819281868 38023
1.2511616 103.819281868 38028
1.251179828 103.819292739 38033
1.251197816 103.819310189 38038
1.251215852 103.819318915 38043
1.251215852 103.819318915 38048
1.251233841 103.819336365 38053
1.251252068 103.819347236 38058
1.251270057 103.819364687 38063
1.251270057 103.819364687 38068
1.251288093 103.819373412 38073
1.251315314 103.819393008 38078
1.251342392 103.819401733 38083
1.251342392 103.819401733 38088
1.251369469 103.819410459 38093
1.251396593 103.819410459 38098
1.25142367 103.819419184 38103
1.25142367 103.819419184 38108
1.251450939 103.819430055 38113
1.251478017 103.81943878 38118
1.251496099 103.81943878 38123
1.251496099 103.81943878 38128
1.251532265 103.81943878 38133
1.25155939 103.81943878 38138
1.251586561 103.819430055 38143
1.251586561 103.819430055 38148
1.251622774 103.81942133 38153
1.251649946 103.819412605 38158
1.251677117 103.81940388 38163
1.251677117 103.81940388 38168
1.251704097 103.819393008 38173
1.25174031 103.819384283 38178
1.251767482 103.819375558 38183
1.251767482 103.819375558 38188
1.251803695 103.819366833 38193
1.251830866 103.819358108 38198
1.251867127 103.819340657 38203
1.251867127 103.819340657 38208
1.251903148 103.819329786 38213
1.251939408 103.819312336 38218
1.251975476 103.819292739 38223
1.251975476 103.819292739 38228
1.252011545 103.819273143 38233
1.25204766 103.819244821 38238
1.252074879 103.81922737 38243
1.252074879 103.81922737 38248
1.252110995 103.819199049 38253
1.252147063 103.819179452 38258
1.25217409 103.819159856 38263
1.25217409 103.819159856 38268
1.252210397 103.81913368 38273
1.252246466 103.819114084 38278
1.252282581 103.819085762 38283
1.252282581 103.819085762 38288
1.252318649 103.819066165 38293
1.252363951 103.819048715 38298
1.252400019 103.819029119 38303
1.252400019 103.819029119 38308
1.252445321 103.819011668 38313
1.252490431 103.818992072 38318
1.252535733 103.818974621 38323
1.252535733 103.818974621 38328
1.252580987 103.818965896 38333
1.252626289 103.818948446 38338
1.252671351 103.818937575 38343
1.252671351 103.818937575 38348
1.252716606 103.818928849 38353
1.252761813 103.818928849 38358
1.252816062 103.818928849 38363
1.252816062 103.818928849 38368
1.252870263 103.818937575 38373
1.252933459 103.818955025 38378
1.252996847 103.818974621 38383
1.252996847 103.818974621 38388
1.253069036 103.819000797 38393
1.25313233 103.819037844 38398
1.25319567 103.819066165 38403
1.25319567 103.819066165 38408
1.253258771 103.819101066 38413
1.253313023 103.819138113 38418
1.253376363 103.819166435 38423
1.253376363 103.819166435 38428
1.253430423 103.819201335 38433
1.253484722 103.819229657 38438
1.25352974 103.819264558 38443
1.25352974 103.819264558 38448
1.253574951 103.819301605 38453
1.253620208 103.819329926 38458
1.25365633 103.819375698 38463
1.25365633 103.819375698 38468
1.253692499 103.819412745 38473
1.25372862 103.819458517 38478
1.2537557 103.819504289 38483
1.2537557 103.819504289 38488
1.253791775 103.819558786 38493
1.253809861 103.819595833 38498
1.253836941 103.819641605 38503
1.253836941 103.819641605 38508
1.253854979 103.819687377 38513
1.253873065 103.819724424 38518
1.25388211 103.819761471 38523
1.25388211 103.819761471 38529
1.253891154 103.819798517 38534
1.253900007 103.819833418 38539
1.253909051 103.819870465 38544
1.253909051 103.819870465 38549
1.253918143 103.819898787 38554
1.25392709 103.819916237 38559
1.253936037 103.819933687 38564
1.253936037 103.819933687 38569
1.253945176 103.819953284 38574
1.253945081 103.819970734 38579
1.253954076 103.819979459 38584
1.253954076 103.819979459 38589
1.253963215 103.819999056 38594
1.253972161 103.820016506 38599
1.253990342 103.820036102 38604
1.253990342 103.820036102 38609
1.254008283 103.820062278 38614
1.25401723 103.820079728 38619
1.254026369 103.820099325 38624
1.254026369 103.820099325 38629
1.254026419 103.820127646 38634
1.254017428 103.820155968 38639
1.253999109 103.820199594 38644
1.253999109 103.820199594 38649
1.253962946 103.82023664 38654
1.25393597 103.820284559 38659
1.253890766 103.820321606 38664
1.253890766 103.820321606 38669
1.253854556 103.820367378 38674
1.253809305 103.82041315 38679
1.253773095 103.820458921 38684
1.253773095 103.820458921 38689
1.253727843 103.820504693 38694
1.253682545 103.82055919 38699
1.253637293 103.820604962 38704
1.253637293 103.820604962 38709
1.253591995 103.820659459 38714
1.253555785 103.820705231 38719
1.253519528 103.820759728 38724
1.253519528 103.820759728 38729
1.253483318 103.8208055 38734
1.253447108 103.820851272 38739
1.253419986 103.820888319 38744
1.253419986 103.820888319 38749
1.253401907 103.820925366 38754
1.253374593 103.820960266 38759
1.253365649 103.820979863 38764
1.253365649 103.820979863 38769
1.253356514 103.820997313 38774
1.253347425 103.821006038 38779
1.253338336 103.821014763 38784
1.253338336 103.821014763 38789
1.253338336 103.821014763 38794
1.253338336 103.821014763 38799
