0.0 0.0 32101
0.0 0.0 33375
0.0 0.0 33380
0.0 0.0 33385
nan nan 33390
nan nan 33395
nan nan 33400
nan nan 33405
nan nan 33410
nan nan 33415
nan nan 33420
nan nan 33425
nan nan 33430
nan nan 33435
nan nan 33440
nan nan 33445
nan nan 33450
nan nan 33455
nan nan 33460
nan nan 33465
nan nan 33470
nan nan 33475
nan nan 33480
nan nan 33485
nan nan 33490
nan nan 33495
nan nan 33500
nan nan 33505
nan nan 33510
nan nan 33515
nan nan 33520
nan nan 33525
nan nan 33530
nan nan 33535
nan nan 33540
nan nan 33545
nan nan 33550
nan nan 33555
nan nan 33560
nan nan 33565
nan nan 33570
nan nan 33575
nan nan 33580
nan nan 33585
nan nan 33590
nan nan 33595
nan nan 33600
nan nan 33605
nan nan 33610
nan nan 33615
nan nan 33620
nan nan 33625
nan nan 33630
nan nan 33635
nan nan 33640
nan nan 33645
nan nan 33650
nan nan 33655
nan nan 33660
nan nan 33665
nan nan 33670
nan nan 33675
nan nan 33680
nan nan 33685
nan nan 33690
nan nan 33695
nan nan 33700
nan nan 33705
nan nan 33710
nan nan 33715
nan nan 33720
nan nan 33725
nan nan 33730
nan nan 33735
nan nan 33740
nan nan 33745
nan nan 33750
nan nan 33755
nan nan 33760
nan nan 33765
nan nan 33770
1.339006202 103.709978269 33775
1.339006202 103.709978269 33780
1.338926449 103.710189275 33785
1.338917453 103.710143498 33790
1.338917298 103.710132639 33795
1.338917298 103.710132639 33800
1.338917398 103.71011518 33805
1.338917653 103.71010858 33810
1.338917703 103.71009985 33815
1.338917703 103.71009985 33820
1.33892705 103.710084521 33825
1.338945233 103.710067062 33830
1.338954529 103.710060462 33835
1.338954529 103.710060462 33840
1.338972712 103.710043003 33845
1.338990844 103.710034273 33850
1.339027214 103.710036403 33855
1.339027214 103.710036403 33860
1.339054337 103.710036403 33865
1.339090707 103.710038532 33870
1.339126872 103.710038532 33875
1.339126872 103.710038532 33880
1.339163242 103.710040662 33885
1.339199357 103.710049392 33890
1.339244818 103.710042792 33895
1.339244818 103.710042792 33900
1.339280983 103.710042792 33905
1.339317147 103.710042792 33910
1.339344476 103.710044921 33915
1.339344476 103.710044921 33920
1.339380641 103.710044921 33925
1.339416805 103.710044921 33930
1.33945297 103.710044921 33935
1.33945297 103.710044921 33940
1.339489135 103.710044921 33945
1.339516258 103.710044921 33950
1.339552473 103.710036192 33955
1.339552473 103.710036192 33960
1.339570605 103.710027462 33965
1.339597624 103.710007873 33970
1.339615756 103.709999144 33975
1.339615756 103.709999144 33980
1.33964293 103.709990414 33985
1.339670103 103.709981685 33990
1.339697227 103.709981685 33996
1.339697227 103.709981685 34001
1.33972435 103.709981685 34006
1.339751474 103.709981685 34011
1.339769606 103.709972955 34016
1.339769606 103.709972955 34021
1.33979678 103.709964226 34026
1.339814707 103.709953366 34031
1.339823848 103.709935907 34036
1.339823848 103.709935907 34041
1.339832834 103.709907589 34046
1.339841976 103.70989013 34051
1.33984187 103.709870541 34056
1.33984187 103.709870541 34061
1.339842021 103.709844352 34066
1.339842121 103.709826893 34071
1.339842016 103.709807304 34076
1.339842016 103.709807304 34081
1.339842116 103.709789845 34086
1.33983297 103.709770257 34091
1.33983302 103.709761527 34096
1.33983302 103.709761527 34101
1.33983312 103.709744068 34106
1.33983317 103.709735338 34111
1.33983312 103.709744068 34116
1.33983312 103.709744068 34121
1.33983312 103.709744068 34126
1.33983312 103.709744068 34131
1.339824129 103.709735338 34136
1.339824129 103.709735338 34141
1.339824129 103.709735338 34146
1.339815138 103.709726609 34151
1.339806197 103.70970915 34156
1.339806197 103.70970915 34161
1.339787959 103.70969829 34166
1.339769877 103.70969829 34171
1.339733762 103.709689561 34176
1.339733762 103.709689561 34181
1.339697598 103.709689561 34186
1.339652187 103.709687431 34191
1.339597889 103.709696161 34196
1.339597889 103.709696161 34201
1.339534551 103.70970489 34206
1.339471213 103.70971362 34211
1.339407875 103.709722349 34216
1.339407875 103.709722349 34221
1.33932666 103.709733209 34226
1.339245034 103.709739809 34231
1.339163613 103.709748538 34236
1.339163613 103.709748538 34241
1.339082192 103.709757268 34246
1.33898269 103.709765997 34251
1.338882981 103.709772597 34256
1.338882981 103.709772597 34261
1.338774387 103.709790056 34266
