0.0 0.0 34817
0.0 0.0 34824
0.0 0.0 34829
0.0 0.0 37014
1.250175733 103.817991807 37019
1.250175733 103.817991807 37024
1.25018535 103.817998245 37029
1.250185925 103.818004683 37034
1.250186308 103.818008975 37039
1.250186308 103.818008975 37044
1.250186738 103.818004542 37049
1.25018693 103.818006688 37054
1.250187313 103.81801098 37059
1.250187313 103.81801098 37064
1.250187505 103.818013126 37069
1.250187505 103.818013126 37074
1.250178655 103.818015272 37079
1.250178655 103.818015272 37084
1.250178655 103.818015272 37089
1.250178846 103.818017418 37094
1.250178846 103.818017418 37099
1.250178846 103.818017418 37104
1.250187888 103.818017418 37109
1.250187935 103.818008693 37114
1.250188126 103.818010839 37119
1.250188126 103.818010839 37124
1.250188126 103.818010839 37129
1.250188079 103.818019564 37134
1.250188271 103.81802171 37139
1.250188271 103.81802171 37144
1.250188079 103.818019564 37149
1.250188079 103.818019564 37154
1.250188032 103.818028289 37159
1.250188032 103.818028289 37164
1.250187888 103.818017418 37169
1.250187888 103.818017418 37174
1.250187696 103.818015272 37179
1.250187696 103.818015272 37184
1.250187696 103.818015272 37189
1.250187696 103.818015272 37194
1.250187696 103.818015272 37199
1.250187696 103.818015272 37204
1.250187696 103.818015272 37209
1.250187696 103.818015272 37214
1.250187696 103.818015272 37219
1.250187696 103.818015272 37224
1.250187888 103.818017418 37229
1.250187888 103.818017418 37234
1.250187888 103.818017418 37239
1.250187888 103.818017418 37244
1.250187888 103.818017418 37249
1.250196929 103.818017418 37254
1.250196929 103.818017418 37259
1.250196929 103.818017418 37264
1.250196929 103.818017418 37269
1.250196929 103.818017418 37274
1.250196929 103.818017418 37279
1.250196929 103.818017418 37284
1.250196929 103.818017418 37289
1.250196929 103.818017418 37294
1.250196929 103.818017418 37299
1.250196929 103.818017418 37304
1.250196929 103.818017418 37309
1.250206162 103.818019564 37314
1.250205971 103.818017418 37319
1.250205971 103.818017418 37324
1.250205924 103.818026143 37329
1.250205924 103.818026143 37334
1.250205924 103.818026143 37339
1.250205924 103.818026143 37344
1.250205924 103.818026143 37349
1.250205924 103.818026143 37354
1.250205924 103.818026143 37359
1.250205924 103.818026143 37364
1.250214965 103.818026143 37369
1.250214918 103.818034868 37374
1.250223959 103.818034868 37379
1.250223959 103.818034868 37384
1.250232954 103.818043594 37389
1.250241948 103.818052319 37394
1.250259984 103.818061044 37399
1.250259984 103.818061044 37404
1.250268978 103.818069769 37409
1.250287061 103.818069769 37414
1.250305097 103.818078494 37419
1.250305097 103.818078494 37424
1.250323133 103.81808722 37429
1.250341169 103.818095945 37434
1.250368293 103.818095945 37439
1.250368293 103.818095945 37444
1.250386376 103.818095945 37449
1.250413454 103.81810467 37454
1.250431537 103.81810467 37459
1.250431537 103.81810467 37464
1.250458422 103.818111249 37469
1.250485547 103.818111249 37474
1.250512624 103.818119975 37479
1.250512624 103.818119975 37484
1.250530707 103.818119975 37489
1.25054879 103.818119975 37494
1.250566826 103.8181287 37499
1.250566826 103.8181287 37504
1.250575867 103.8181287 37509
1.250593903 103.818137425 37514
1.250602897 103.81814615 37519
1.250602897 103.81814615 37524
1.250620933 103.818154875 37529
1.25062988 103.818172326 37534
1.250629833 103.818181051 37539
1.250629833 103.818181051 37544
1.25063878 103.818198501 37549
1.250647919 103.818218098 37554
1.250647778 103.818244274 37559
1.250647778 103.818244274 37564
1.250656678 103.818270449 37569
1.250656728 103.818298771 37574
1.25066582 103.818327093 37579
1.25066582 103.818327093 37584
1.250665678 103.818353268 37589
1.250665682 103.818390315 37594
1.250656643 103.818427362 37599
1.250656643 103.818427362 37604
1.250656646 103.818464409 37609
1.250656458 103.81849931 37614
1.250647419 103.818536357 37619
1.250647419 103.818536357 37624
1.250647422 103.818573404 37629
1.250656467 103.81861045 37634
1.250656517 103.818638772 37639
1.250656517 103.818638772 37644
1.250665417 103.818664948 37649
1.25068355 103.818693269 37654
1.250701684 103.818721591 37659
1.250701684 103.818721591 37664
1.250719625 103.818747767 37669
1.250737758 103.818776088 37674
1.250764741 103.818802264 37679
1.250764741 103.818802264 37685
1.250782874 103.818830586 37690
1.250801008 103.818858907 37695
1.250819141 103.818887229 37700
1.250819141 103.818887229 37705
1.250828185 103.818924276 37710
1.250837085 103.818950452 37715
1.250855171 103.818987498 37720
1.250855171 103.818987498 37725
1.250864263 103.81901582 37730
1.250873355 103.819044142 37735
1.250882399 103.819081189 37740
1.250882399 103.819081189 37745
1.250891299 103.819107364 37750
1.250891303 103.819144411 37755
1.250900394 103.819172733 37760
1.250900394 103.819172733 37765
1.250909341 103.819190183 37770
1.25091848 103.81920978 37775
1.250918386 103.81922723 37780
1.250918386 103.81922723 37785
1.250927525 103.819246827 37790
1.250936472 103.819264277 37795
1.250945466 103.819273002 37800
1.250945466 103.819273002 37805
1.250945611 103.819283874 37810
1.250945564 103.819292599 37815
1.250945517 103.819301324 37820
1.250945517 103.819301324 37825
1.250945517 103.819301324 37830
1.250945469 103.819310049 37835
1.250945469 103.819310049 37840
1.250945469 103.819310049 37845
1.250954464 103.819318774 37850
1.250963505 103.819318774 37855
1.250963458 103.819327499 37860
1.250963458 103.819327499 37865
1.250972499 103.819327499 37870
1.250972499 103.819327499 37875
1.250981494 103.819336225 37880
1.250981494 103.819336225 37885
1.250990535 103.819336225 37890
1.250990535 103.819336225 37895
