1.338665688 103.709787927 34271
1.338557144 103.709796656 34279
1.338557144 103.709796656 34284
1.33844865 103.709796656 34289
1.338348992 103.709794527 34294
1.338231407 103.709803256 34299
1.338231407 103.709803256 34304
1.338122708 103.709801127 34309
1.338014264 103.709792397 34314
1.337896523 103.709790267 34319
1.337896523 103.709790267 34324
1.337787874 103.709779408 34329
1.337688471 103.709770679 34334
1.337579822 103.70975982 34339
1.337579822 103.70975982 34344
1.337471223 103.709740231 34349
1.337362624 103.709720642 34354
1.337254025 103.709701053 34359
1.337254025 103.709701053 34364
1.337154468 103.709681465 34369
1.337063951 103.709661876 34374
1.336973484 103.709633558 34379
1.336973484 103.709633558 34384
1.336882968 103.709613969 34389
1.336792246 103.709592251 34394
1.336701729 103.709572662 34399
1.336701729 103.709572662 34404
1.336611213 103.709553073 34409
1.336520491 103.709531355 34414
1.336420933 103.709511766 34419
1.336420933 103.709511766 34424
1.336321221 103.709481318 34429
1.336212622 103.70946173 34434
1.336103868 103.709431282 34439
1.336103868 103.709431282 34444
1.335986073 103.709400834 34449
1.33587732 103.709370386 34454
1.335750484 103.709339939 34459
1.335750484 103.709339939 34464
1.335632689 103.709309491 34469
1.335505853 103.709279043 34474
1.335388108 103.709239866 34479
1.335388108 103.709239866 34484
1.335270313 103.709209418 34489
1.335143478 103.70917897 34494
1.335016642 103.709148523 34499
1.335016642 103.709148523 34504
1.334898847 103.709118075 34509
1.334772062 103.709078898 34514
1.334654267 103.70904845 34519
1.334654267 103.70904845 34524
1.334527636 103.709020132 34529
1.33440075 103.708998414 34534
1.334273915 103.708967966 34539
1.334273915 103.708967966 34544
1.334147079 103.708937519 34549
1.334020244 103.708907071 34554
1.333902654 103.708878753 34559
1.333902654 103.708878753 34564
1.333775819 103.708848305 34569
1.333648983 103.708817858 34574
1.333522352 103.70878954 34579
1.333522352 103.70878954 34584
1.333395721 103.708761222 34589
1.333268886 103.708730774 34594
1.333142305 103.708693726 34599
1.333142305 103.708693726 34604
1.333024715 103.708665408 34609
1.33289788 103.708634961 34614
1.332771299 103.708597913 34619
1.332771299 103.708597913 34624
1.332644668 103.708569595 34629
1.332526874 103.708539148 34634
1.332400243 103.70851083 34639
1.332400243 103.70851083 34644
1.332282703 103.708473782 34649
1.332164959 103.708434605 34654
1.332047369 103.708406287 34659
1.332047369 103.708406287 34664
1.33192973 103.708386698 34669
1.331811936 103.708356251 34674
1.331694346 103.708327933 34679
1.331694346 103.708327933 34684
1.331576706 103.708308344 34689
1.331459067 103.708288756 34694
1.331350468 103.708269167 34699
1.331350468 103.708269167 34704
1.331232829 103.708249579 34709
1.33111514 103.70823872 34714
1.33099745 103.708227861 34719
1.33099745 103.708227861 34724
1.33087072 103.708217002 34729
1.330744194 103.708208273 34734
1.330617413 103.708206143 34739
1.330617413 103.708206143 34744
1.330490837 103.708206143 34749
1.330364261 103.708206143 34754
1.330246522 103.708204014 34759
1.330246522 103.708204014 34764
1.330119896 103.708212743 34769
1.330002312 103.708221473 34774
1.329884727 103.708230203 34779
1.329884727 103.708230203 34784
1.329776183 103.708238932 34789
1.329667436 103.708245532 34794
1.329567933 103.708254262 34799
1.329567933 103.708254262 34804
1.329477472 103.708262991 34809
1.329387011 103.708271721 34814
1.329305591 103.70828045 34819
1.329305591 103.70828045 34824
1.329233212 103.70828918 34829
1.329169874 103.70829791 34834
1.329115577 103.708306639 34839
1.329115577 103.708306639 34844
1.329070322 103.708315369 34849
1.329034107 103.708324098 34854
1.329006934 103.708332828 34859
1.329006934 103.708332828 34864
1.328979607 103.708330698 34869
1.328970566 103.708330698 34874
1.328970566 103.708330698 34879
1.328970566 103.708330698 34884
1.328961525 103.708330698 34889
1.328961525 103.708330698 34894
1.328961525 103.708330698 34899
1.328961525 103.708330698 34905
1.328961525 103.708330698 34910
1.328961525 103.708330698 34915
1.328961525 103.708330698 34920
1.328961525 103.708330698 34925
1.328961574 103.708321969 34930
1.328952533 103.708321969 34935
1.328952533 103.708321969 34940
1.328952533 103.708321969 34945
1.328952329 103.708319839 34950
1.328952329 103.708319839 34955
1.328952329 103.708319839 34960
1.328952329 103.708319839 34965
1.328952329 103.708319839 34970
1.328952329 103.708319839 34975
1.328952329 103.708319839 34980
1.328952329 103.708319839 34985
1.328952329 103.708319839 34990
1.328952329 103.708319839 34995
1.328952329 103.708319839 35000
1.328952329 103.708319839 35005
1.328952329 103.708319839 35010
1.328952329 103.708319839 35015
1.328952329 103.708319839 35020
1.328952329 103.708319839 35025
1.328952329 103.708319839 35030
1.328952329 103.708319839 35035
1.328943288 103.708319839 35040
1.328943288 103.708319839 35045
1.328952533 103.708321969 35050
1.328943492 103.708321969 35055
1.328943492 103.708321969 35060
1.328943492 103.708321969 35065
1.328943492 103.708321969 35070
1.328943492 103.708321969 35075
1.328943442 103.708330698 35080
1.328943442 103.708330698 35085
1.328943442 103.708330698 35090
1.328943442 103.708330698 35095
1.328943646 103.708332828 35100
1.328943646 103.708332828 35105
1.328943646 103.708332828 35110
1.328943646 103.708332828 35115
1.328943596 103.708341557 35120
1.328943596 103.708341557 35125
1.328925514 103.708341557 35130
1.328907432 103.708341557 35135
1.328880462 103.708352416 35140
1.328880462 103.708352416 35145
1.328844248 103.708361146 35150
1.328798943 103.708378605 35155
1.328753687 103.708387334 35160
1.328753687 103.708387334 35165
1.328699595 103.708398193 35170
