1.343604492 103.708621483 48223
1.343658681 103.708593166 48230
1.34371287 103.708564849 48235
1.343748977 103.708536532 48240
1.343748977 103.708536532 48245
1.343785035 103.708516944 48250
1.343812001 103.708506086 48255
1.343820936 103.708486498 48260
1.343820936 103.708486498 48265
1.343830027 103.708477769 48270
1.343829771 103.708484368 48275
1.343829771 103.708484368 48280
1.343829771 103.708484368 48285
1.343838761 103.708493098 48290
1.343856637 103.708490968 48295
1.343856637 103.708490968 48300
1.343856637 103.708490968 48305
1.343856637 103.708490968 48310
1.343865471 103.708488839 48315
1.343874462 103.708497568 48320
1.343874462 103.708497568 48325
1.343883452 103.708506297 48330
1.343883402 103.708515027 48335
1.343883146 103.708521627 48340
1.343883146 103.708521627 48345
1.343883095 103.708530356 48350
1.343882789 103.708545685 48355
1.343891779 103.708554414 48360
1.343891779 103.708554414 48365
1.343891473 103.708569743 48370
1.343900413 103.708587202 48375
1.343900106 103.708602531 48380
1.343900106 103.708602531 48385
1.343900006 103.708619989 48390
1.34389975 103.708626589 48395
1.343899443 103.708641918 48400
1.343899443 103.708641918 48405
1.343899342 103.708659376 48410
1.343899086 103.708665976 48415
1.343908026 103.708683435 48420
1.343908026 103.708683435 48425
1.34391676 103.708698764 48430
1.343934741 103.708716222 48435
1.343952672 103.708742409 48440
1.343952672 103.708742409 48445
1.343970602 103.708768597 48450
1.344006614 103.708794785 48455
1.344033586 103.708820972 48460
1.344033586 103.708820972 48465
1.344069854 103.70884056 48470
1.344114751 103.708855889 48475
1.344159904 103.708864618 48480
1.344159904 103.708864618 48485
1.344214148 103.708864618 48490
1.344277277 103.708853759 48495
1.344340406 103.708842901 48500
1.344340406 103.708842901 48505
1.344394494 103.708832042 48510
1.344448788 103.708823313 48515
1.344493886 103.708803725 48520
1.344493886 103.708803725 48525
1.344548024 103.708784138 48530
1.344593328 103.708766679 48535
1.344647467 103.708747092 48540
1.344647467 103.708747092 48545
1.344692615 103.708718775 48550
1.344746804 103.708690458 48555
1.344792057 103.708681729 48560
1.344792057 103.708681729 48565
1.344846402 103.70866427 48570
1.34489155 103.708635954 48575
1.344945894 103.708618495 48580
1.344945894 103.708618495 48585
1.344990942 103.708607637 48590
1.34503609 103.70857932 48595
1.345081288 103.708542274 48600
1.345081288 103.708542274 48605
1.345117602 103.708516086 48610
1.345153709 103.708487769 48615
1.345180726 103.708468182 48620
1.345180726 103.708468182 48625
1.345207948 103.708450723 48630
1.345225974 103.708422406 48635
1.34524395 103.708402819 48640
1.34524395 103.708402819 48645
1.345244 103.70839409 48650
1.345252935 103.708374502 48655
1.345252779 103.708363643 48660
1.345252779 103.708363643 48665
1.345243789 103.708354914 48670
1.34525288 103.708346185 48675
1.345252724 103.708335327 48680
1.345252724 103.708335327 48685
1.345261815 103.708326597 48690
1.345261609 103.708324468 48695
1.345261659 103.708315739 48700
1.345261659 103.708315739 48705
1.345261553 103.708296151 48710
1.345261448 103.708276564 48715
1.345261548 103.708259105 48720
1.345261548 103.708259105 48725
1.345261392 103.708248247 48730
1.345270327 103.708228659 48735
1.345270378 103.70821993 48740
1.345270378 103.70821993 48745
1.345270272 103.708200342 48750
1.345270322 103.708191613 48755
1.345270217 103.708172025 48760
1.345270217 103.708172025 48765
1.345270061 103.708161167 48770
1.345270161 103.708143709 48775
1.345279046 103.70813285 48780
1.345279046 103.70813285 48785
1.34527889 103.708121992 48790
1.345278941 103.708113263 48795
1.345278835 103.708093675 48800
1.345278835 103.708093675 48805
1.34528772 103.708082816 48810
1.34528782 103.708065358 48815
1.345287664 103.7080545 48820
1.345287664 103.7080545 48825
1.345296806 103.708037041 48830
1.345305791 103.708008724 48836
1.345305942 103.707982537 48841
1.345305942 103.707982537 48846
1.345315133 103.707956349 48851
1.345324119 103.707928033 48856
1.345342401 103.707893116 48861
1.345342401 103.707893116 48866
1.345360684 103.707858199 48871
1.345387851 103.707812424 48876
1.345406184 103.707768778 48881
1.345406184 103.707768778 48886
1.345433301 103.707731732 48891
1.345451684 103.707679356 48896
1.345479008 103.70764444 48901
1.345479008 103.70764444 48906
1.345497134 103.707598664 48911
1.345524508 103.707555018 48916
1.345551831 103.707520101 48921
1.345551831 103.707520101 48926
1.345569907 103.707483055 48931
1.345597231 103.707448138 48936
1.345615513 103.707413222 48941
1.345615513 103.707413222 48946
1.34563359 103.707376175 48951
1.345651872 103.707341259 48956
1.345670104 103.707315071 48961
1.345670104 103.707315071 48966
1.345679246 103.707297612 48971
1.345688387 103.707280154 48976
1.345697528 103.707262695 48981
1.345697528 103.707262695 48986
1.345697785 103.707256095 48991
1.345697886 103.707238637 48996
1.345706977 103.707229908 49001
1.345706977 103.707229908 49006
1.345707027 103.707221178 49011
1.345716118 103.707212449 49016
1.345716168 103.70720372 49021
1.345716168 103.70720372 49026
1.345716219 103.707194991 49031
1.345716269 103.707186261 49036
1.34572531 103.707186261 49041
1.34572531 103.707186261 49046
1.34572536 103.707177532 49051
1.34572541 103.707168803 49056
1.345734451 103.707168803 49061
1.345734451 103.707168803 49066
1.345743698 103.707170932 49071
1.345752789 103.707162203 49076
1.34577087 103.707162203 49081
1.34577087 103.707162203 49086
1.345788846 103.707142615 49091
1.345807028 103.707125157 49096
1.34582516 103.707116427 49101
1.34582516 103.707116427 49106
1.345843241 103.707116427 49111
1.345861373 103.707107698 49116
1.345897586 103.707098969 49121
