1.2473318 103.825070862 53175
1.247350215 103.825046834 53181
1.247377383 103.825001063 53187
1.24737743 103.824992338 53193
1.247386472 103.824992338 53199
1.247404602 103.824983613 53205
1.247422832 103.825031531 53211
1.247486272 103.825116497 53217
1.247567751 103.825247234 53223
1.24771248 103.82546079 53229
1.247848122 103.825720117 53235
1.247992998 103.825981592 53241
1.248092619 103.826251791 53247
1.248038494 103.826604809 53253
1.248038332 103.826973129 53259
1.248101793 103.827317423 53265
1.248110991 103.827476482 53271
1.248120038 103.827550575 53277
1.248119997 103.827633394 53283
1.24797539 103.827735809 53289
1.247758445 103.827764131 53295
1.247568768 103.827803326 53301
1.247279641 103.827916614 53307
1.247053758 103.828038626 53313
1.246846109 103.828282652 53319
1.246610864 103.828576879 53325
1.246465833 103.828757817 53331
1.246221349 103.828975803 53337
1.245813971 103.829145869 53344
1.245614912 103.82909795 53349
1.245406899 103.828958487 53355
1.245235009 103.828864797 53361
1.244999968 103.828744931 53367
1.24462008 103.828697012 53373
1.244348557 103.828786408 53379
1.244221794 103.8288954 53385
1.244140095 103.82899352 53391
1.24410341 103.829052446 53397
1.244084852 103.8290656 53403
1.244075335 103.829078754 53409
1.244056968 103.829094056 53415
1.244056968 103.829094056 53421
1.244066012 103.829131103 53427
1.244002678 103.829176874 53433
1.243912164 103.82912023 53439
1.243957409 103.829000365 53445
1.244057003 103.828937144 53451
1.244147456 103.82881728 53457
1.244301387 103.828662516 53463
1.244572675 103.828616744 53469
1.244907358 103.82870171 53475
1.245088434 103.828806273 53481
1.24525138 103.828919561 53487
1.245486467 103.829030701 53493
1.245812112 103.829152714 53499
1.246137692 103.829061171 53505
1.246336781 103.828878085 53511
1.246544905 103.828620905 53517
1.246798377 103.828337552 53523
1.247015686 103.828091244 53529
1.247395986 103.827912453 53538
1.247677078 103.827838225 53544
1.247894496 103.827759702 53550
1.248193335 103.827672453 53556
1.248392333 103.827543863 53562
1.248600563 103.827417421 53568
1.248781534 103.827391246 53574
1.248908117 103.827428293 53580
1.248953277 103.827437018 53586
1.249007573 103.827428293 53594
1.2491795 103.827365071 53601
1.249396592 103.827384669 53607
1.249523326 103.827506681 53613
1.249640962 103.827526279 53619
1.249821741 103.827497957 53625
1.249930232 103.827423863 53631
1.249947974 103.827336749 53637
1.2499571 103.827208159 53643
1.250083524 103.8270491 53649
1.250209999 103.826918362 53655
1.250309452 103.826881315 53661
1.250418191 103.826911785 53667
1.250454646 103.826933529 53673
1.250436569 103.827007623 53679
1.250291726 103.827153663 53685
1.250101773 103.8273193 53691
1.249884598 103.82746534 53697
1.249712622 103.827500239 53703
1.249577003 103.827537286 53709
1.249522848 103.827519836 53715
1.249513901 103.827502386 53721
1.249414734 103.827524131 53727
1.249242902 103.827569903 53733
1.249125592 103.827452185 53739
1.249197912 103.827303998 53745
1.249342705 103.827129636 53751
1.249460424 103.826983596 53757
1.249650274 103.826724268 53763
1.249849257 103.826410443 53769
1.250075272 103.826151115 53775
1.250319562 103.825893935 53781
1.250554428 103.82563246 53787
1.250762219 103.825399306 53793
1.250906726 103.825240247 53799
1.251033008 103.825107362 53805
1.25120483 103.82495045 53811
1.251267876 103.824882934 53817
1.251339912 103.824787097 53825
1.251502643 103.824601863 53832
1.251774072 103.824529916 53838
1.251972966 103.824307635 53844
1.252135838 103.824096226 53850
1.252289761 103.823830321 53856
1.252407423 103.823581865 53862
1.25250676 103.82330294 53868
1.252561085 103.823063209 53874
1.252588528 103.822853947 53880
1.25260682 103.8224769 53886
1.252624875 103.822143479 53892
1.252733446 103.821866701 53898
1.252923339 103.821561601 53904
1.253122276 103.821293548 53910
1.253275773 103.821106168 53916
1.253429223 103.820927512 53922
1.253618983 103.820759728 53928
1.253772575 103.820554898 53934
1.25386269 103.820422014 53940
1.253926113 103.820284698 53946
1.254061819 103.820156108 53953
1.25422455 103.819970874 53958
1.254468596 103.819683224 53964
1.254703607 103.819469669 53970
1.254893172 103.819262692 53976
1.255100907 103.818964172 53982
1.255335965 103.818741891 53988
1.255688953 103.818597996 53996
1.255806577 103.818469405 54003
1.255942407 103.818092358 54009
1.256159758 103.817763229 54015
1.256214319 103.817479871 54021
1.256187264 103.817166046 54027
1.256087695 103.816961216 54033
1.25612365 103.816736789 54039
1.256141569 103.816503637 54045
1.256105195 103.816316258 54051
1.256032611 103.81617465 54057
1.255905738 103.816115861 54063
1.255733711 103.816122441 54069
1.255552694 103.816157342 54075
1.255344309 103.816161775 54082
1.255235711 103.816105132 54087
1.255289717 103.816074665 54093
1.255407211 103.816120437 54099
1.255515657 103.816092116 54105
1.255741743 103.816120437 54112
1.255841157 103.816203256 54117
1.255940666 103.816268624 54123
1.255931395 103.816386344 54129
1.255940019 103.816576011 54135
1.25595802 103.816741649 54141
1.255975964 103.816804871 54147
1.25607547 103.816833193 54153
1.256202636 103.81695077 54159
1.25622094 103.817286337 54165
1.256121563 103.817648079 54171
1.255976973 103.817935728 54177
1.255831994 103.818182038 54183
1.255542401 103.818419623 54189
1.255244047 103.81856781 54195
1.255072374 103.81877264 54201
1.254918786 103.819014517 54207
1.254692533 103.819280423 54213
1.25443031 103.819585522 54219
1.254222086 103.81978606 54225
1.254122639 103.8198972 54231
1.254104752 103.819936393 54237
1.254095808 103.819955989 54243
1.254095953 103.819966861 54249
1.254014684 103.820060551 54255
1.253833588 103.820298135 54261
