1.349613688 103.715384705 50934
1.349613637 103.715393434 50942
1.349613794 103.715404294 50947
1.349604753 103.715404294 50952
1.349604753 103.715404294 50957
1.349604753 103.715404294 50962
1.349604702 103.715413024 50967
1.349595661 103.715413024 50972
1.349595661 103.715413024 50977
1.349595611 103.715421753 50982
1.349595611 103.715421753 50987
1.349595661 103.715413024 50992
1.349595661 103.715413024 50997
1.349595661 103.715413024 51002
1.349595661 103.715413024 51007
1.34958662 103.715413024 51012
1.34958662 103.715413024 51017
1.349586464 103.715402164 51022
1.349586464 103.715402164 51027
1.349586514 103.715393434 51032
1.349586514 103.715393434 51037
1.349586565 103.715384705 51042
1.349586565 103.715384705 51047
1.349586772 103.715386836 51052
1.349586772 103.715386836 51057
1.349586772 103.715386836 51062
1.349586822 103.715378106 51067
1.349586979 103.715388966 51072
1.349586979 103.715388966 51077
1.349595969 103.715397695 51082
1.349614208 103.715408555 51087
1.349623355 103.715428144 51092
1.349623355 103.715428144 51097
1.349641492 103.715456463 51102
1.34965963 103.715484781 51107
1.349668676 103.715521829 51112
1.349668676 103.715521829 51117
1.349686763 103.715558877 51122
1.349714048 103.715606785 51127
1.349741125 103.715652562 51132
1.349741125 103.715652562 51137
1.3497774 103.715709199 51142
1.349813469 103.715763706 51147
1.349849693 103.715829072 51152
1.349849693 103.715829072 51157
1.349895116 103.715905299 51162
1.34994028 103.715988124 51167
1.349994435 103.716079678 51172
1.349994435 103.716079678 51177
1.350030716 103.716173363 51182
1.350076037 103.716267049 51187
1.350130348 103.716369463 51192
1.350130348 103.716369463 51197
1.350175619 103.716471877 51202
1.350220991 103.716556833 51207
1.350257064 103.716648388 51212
1.350257064 103.716648388 51217
1.350293445 103.716724614 51222
1.350320578 103.71679871 51227
1.350356646 103.716853217 51232
1.350356646 103.716853217 51237
1.350383825 103.716881535 51242
1.350392972 103.716901125 51247
1.350401963 103.716909854 51252
1.350401963 103.716909854 51257
1.350411004 103.716909854 51262
1.350411004 103.716909854 51267
1.350420095 103.716901125 51272
1.350420095 103.716901125 51277
1.350420095 103.716901125 51282
1.350420302 103.716903255 51287
1.350429394 103.716894526 51292
1.350429394 103.716894526 51297
1.350429394 103.716894526 51302
1.350429394 103.716894526 51307
1.350438435 103.716894526 51312
1.350438435 103.716894526 51317
1.350438435 103.716894526 51322
1.350438435 103.716894526 51327
1.350438435 103.716894526 51332
1.350438435 103.716894526 51337
1.350438642 103.716896657 51342
1.350438693 103.716887927 51347
1.350438693 103.716887927 51352
1.350438693 103.716887927 51357
1.350438693 103.716887927 51362
1.350447734 103.716887927 51367
1.350447734 103.716887927 51372
1.350447734 103.716887927 51377
1.350447734 103.716887927 51382
1.350447734 103.716887927 51387
1.350447734 103.716887927 51392
1.350447734 103.716887927 51397
1.350447734 103.716887927 51402
1.350447734 103.716887927 51407
1.350447734 103.716887927 51412
1.350447734 103.716887927 51417
1.350456982 103.716890058 51422
1.350456982 103.716890058 51427
1.350456982 103.716890058 51432
1.350456982 103.716890058 51437
1.350456982 103.716890058 51442
1.350456982 103.716890058 51447
1.350457032 103.716881329 51452
1.350457032 103.716881329 51457
1.350457032 103.716881329 51462
1.350457032 103.716881329 51467
1.350457032 103.716881329 51472
1.350457032 103.716881329 51477
1.350457032 103.716881329 51482
1.350457032 103.716881329 51487
1.350457032 103.716881329 51492
1.350457032 103.716881329 51497
1.350457032 103.716881329 51502
1.350457032 103.716881329 51507
1.350457032 103.716881329 51512
1.350457032 103.716881329 51517
1.350457032 103.716881329 51522
1.350457032 103.716881329 51527
1.350457032 103.716881329 51532
1.350457032 103.716881329 51537
1.350457032 103.716881329 51542
1.350457032 103.716881329 51547
1.350457032 103.716881329 51552
1.350457032 103.716881329 51557
1.350457032 103.716881329 51562
1.350457032 103.716881329 51567
1.350457189 103.716892189 51572
1.350457189 103.716892189 51578
1.350457189 103.716892189 51583
1.350457189 103.716892189 51588
1.350457189 103.716892189 51593
1.350457189 103.716892189 51598
1.350457189 103.716892189 51603
1.350457189 103.716892189 51608
1.350457189 103.716892189 51613
1.350457189 103.716892189 51618
1.350457189 103.716892189 51623
1.350457189 103.716892189 51628
1.350457189 103.716892189 51633
1.350457189 103.716892189 51638
1.350457189 103.716892189 51643
1.35046623 103.716892189 51648
1.35046623 103.716892189 51653
1.35046623 103.716892189 51658
1.35046623 103.716892189 51663
1.35046623 103.716892189 51668
1.35046623 103.716892189 51673
1.35046623 103.716892189 51678
1.35046623 103.716892189 51683
1.35046623 103.716892189 51688
1.35046623 103.716892189 51693
1.35046623 103.716892189 51698
1.35046623 103.716892189 51703
1.350466281 103.716883459 51708
1.350466281 103.716883459 51713
1.350466281 103.716883459 51718
1.350475271 103.716892189 51723
1.350475271 103.716892189 51728
1.350475271 103.716892189 51733
1.350475271 103.716892189 51738
1.350475271 103.716892189 51743
1.350475271 103.716892189 51748
1.350475271 103.716892189 51753
1.350475271 103.716892189 51758
1.350475271 103.716892189 51763
1.350475271 103.716892189 51768
1.35046623 103.716892189 51773
1.35046623 103.716892189 51778
1.35046623 103.716892189 51783
1.350466437 103.716894319 51788
1.350466437 103.716894319 51793
1.350466437 103.716894319 51798
1.350466437 103.716894319 51803
1.350466437 103.716894319 51808
1.350475428 103.716903049 51813
1.350475428 103.716903049 51818
1.350484418 103.716911778 51823
1.350484575 103.716922638 51828
1.350502505 103.716948826 51833
