0.0 0.0 34458
0.0 0.0 34465
0.0 0.0 54803
0.0 0.0 54808
1.270972903 103.66208345 54813
1.270981945 103.66208345 54818
1.270981945 103.66208345 54823
1.270991181 103.662085573 54828
1.271000223 103.662085573 54833
1.271009411 103.662096426 54838
1.271009411 103.662096426 54843
1.271018453 103.662096426 54848
1.271018648 103.662098548 54853
1.271027884 103.662100671 54858
1.271027884 103.662100671 54863
1.271027837 103.662109402 54868
1.271037073 103.662111524 54873
1.271046309 103.662113646 54878
1.271046309 103.662113646 54883
1.271055351 103.662113646 54888
1.271055546 103.662115769 54893
1.271064735 103.662126622 54898
1.271064735 103.662126622 54903
1.271064735 103.662126622 54908
1.271074018 103.662120013 54913
1.271074018 103.662120013 54918
1.271074018 103.662120013 54923
1.271083255 103.662122136 54928
1.271083255 103.662122136 54933
1.271092491 103.662124258 54938
1.271092491 103.662124258 54943
1.271101728 103.66212638 54948
1.271101728 103.66212638 54953
1.271110964 103.662128502 54958
1.271110964 103.662128502 54963
1.271110964 103.662128502 54968
1.2711202 103.662130625 54973
1.271120395 103.662132747 54978
1.271120395 103.662132747 54983
1.271129437 103.662132747 54988
1.271129632 103.662134869 54993
1.271129632 103.662134869 54998
1.271129632 103.662134869 55003
1.271138673 103.662134869 55008
1.271138821 103.662145723 55013
1.271138821 103.662145723 55018
1.271138821 103.662145723 55023
1.271138821 103.662145723 55028
1.271138821 103.662145723 55033
1.271148057 103.662147845 55038
1.271148057 103.662147845 55043
1.271148057 103.662147845 55048
1.271148057 103.662147845 55053
1.271148057 103.662147845 55058
1.271148057 103.662147845 55063
1.271148057 103.662147845 55068
1.271148252 103.662149967 55073
1.271148252 103.662149967 55078
1.271148252 103.662149967 55083
1.271157293 103.662149967 55088
1.271157293 103.662149967 55093
1.271157293 103.662149967 55098
1.271157293 103.662149967 55103
1.271157293 103.662149967 55108
1.271157293 103.662149967 55113
1.271157293 103.662149967 55118
1.271157293 103.662149967 55123
1.271157293 103.662149967 55128
1.271157293 103.662149967 55133
1.271157293 103.662149967 55138
1.271157293 103.662149967 55143
1.271157293 103.662149967 55148
1.271157246 103.662158698 55153
1.271157246 103.662158698 55158
1.271157246 103.662158698 55163
1.271157441 103.662160821 55168
1.271157246 103.662158698 55173
1.271157246 103.662158698 55178
1.271157246 103.662158698 55183
1.271157246 103.662158698 55188
1.271157246 103.662158698 55193
1.271157246 103.662158698 55198
1.271157246 103.662158698 55203
1.271157246 103.662158698 55208
1.271157198 103.66216743 55213
1.271157004 103.662165307 55218
1.271157004 103.662165307 55223
1.271157004 103.662165307 55228
1.271147962 103.662165307 55233
1.27114772 103.662171916 55238
1.27114772 103.662171916 55243
nan nan 55248
nan nan 55253
nan nan 55258
nan nan 55263
nan nan 55268
nan nan 55273
nan nan 55278
nan nan 55283
nan nan 55288
nan nan 55293
nan nan 55298
nan nan 55303
nan nan 55308
nan nan 55313
nan nan 55318
nan nan 55323
nan nan 55328
nan nan 55333
nan nan 55338
nan nan 55343
nan nan 55348
nan nan 55353
nan nan 55358
nan nan 55363
nan nan 55368
nan nan 55374
nan nan 55379
nan nan 55384
nan nan 55389
nan nan 55394
nan nan 55399
nan nan 55404
nan nan 55409
nan nan 55414
nan nan 55419
nan nan 55424
nan nan 55429
nan nan 55434
nan nan 55439
nan nan 55444
nan nan 55449
nan nan 55454
nan nan 55459
nan nan 55464
nan nan 55469
nan nan 55474
nan nan 55479
nan nan 55484
nan nan 55489
nan nan 55494
nan nan 55499
nan nan 55504
nan nan 55509
1.271040235 103.662167726 55514
1.271070183 103.662179976 55519
1.271070183 103.662179976 55524
1.271070183 103.662179976 55529
1.271070183 103.662179976 55534
1.271070183 103.662179976 55539
1.271070183 103.662179976 55544
1.271070183 103.662179976 55549
1.271070183 103.662179976 55554
1.271070426 103.662173367 55559
1.271070426 103.662173367 55564
1.271061384 103.662173367 55569
1.271061384 103.662173367 55574
1.271061384 103.662173367 55579
1.271061384 103.662173367 55584
1.271061384 103.662173367 55589
1.271061384 103.662173367 55594
1.271061384 103.662173367 55599
1.271061384 103.662173367 55604
1.271061579 103.66217549 55609
1.271052538 103.66217549 55614
1.271052538 103.66217549 55619
1.271052538 103.66217549 55624
1.271052343 103.662173367 55629
1.271052343 103.662173367 55634
1.271052296 103.662182098 55639
1.271052296 103.662182098 55644
1.271052296 103.662182098 55649
1.271052296 103.662182098 55654
1.271052296 103.662182098 55659
1.271052296 103.662182098 55664
1.271052296 103.662182098 55669
1.271052296 103.662182098 55674
1.271052296 103.662182098 55679
1.271052296 103.662182098 55684
1.271052296 103.662182098 55689
