1.292357787 103.862894557 42153
1.292357787 103.862894557 42162
1.29237587 103.862894557 42167
1.292393953 103.862894557 42172
1.292412035 103.862894557 42177
1.292412035 103.862894557 42182
1.292439159 103.862894557 42187
1.292457291 103.862885834 42192
1.292493505 103.86287711 42197
1.292493505 103.86287711 42202
1.292520678 103.862868386 42207
1.292565735 103.86285751 42212
1.292601998 103.862840062 42217
1.292601998 103.862840062 42222
1.292647254 103.862831339 42227
1.292692558 103.862813891 42232
1.292737616 103.862803015 42237
1.292737616 103.862803015 42242
1.29278292 103.862785568 42247
1.292828176 103.862776844 42252
1.292882521 103.862759397 42257
1.292882521 103.862759397 42262
1.292918586 103.862739796 42267
1.292972932 103.862722349 42272
1.293018188 103.862713625 42277
1.293018188 103.862713625 42282
1.293072533 103.862696178 42287
1.293135722 103.862676578 42292
1.293190068 103.86265913 42297
1.293190068 103.86265913 42302
1.293253257 103.86263953 42308
1.293316693 103.862613359 42313
1.29338008 103.862595912 42318
1.29338008 103.862595912 42323
1.293443318 103.862567588 42328
1.293497514 103.862539264 42333
1.29356095 103.862513093 42338
1.29356095 103.862513093 42343
1.293624337 103.862495645 42348
1.293696567 103.862476045 42353
1.293759955 103.862458598 42358
1.293759955 103.862458598 42363
1.293823293 103.862449874 42368
1.293886631 103.86244115 42373
1.293958961 103.86244115 42378
1.293958961 103.86244115 42383
1.294022449 103.862443303 42388
1.294085787 103.862434579 42393
1.294149076 103.862434579 42398
1.294149076 103.862434579 42403
1.294203474 103.862445456 42408
1.294266763 103.862445456 42413
1.294321209 103.862447609 42418
1.294321209 103.862447609 42423
1.29438445 103.862456332 42428
1.294447888 103.862467209 42433
1.294511128 103.862475933 42438
1.294511128 103.862475933 42443
1.294583657 103.862478086 42448
1.294646898 103.862486809 42453
1.294719378 103.862497686 42458
1.294719378 103.862497686 42463
1.294791659 103.862506409 42468
1.294855098 103.862517286 42473
1.294927429 103.862517286 42478
1.294927429 103.862517286 42483
1.29499971 103.86252601 42488
1.29507219 103.862536886 42493
1.295144521 103.862536886 42498
1.295144521 103.862536886 42503
1.295217001 103.862547763 42508
1.29528029 103.862547763 42513
1.295343579 103.862547763 42518
1.295343579 103.862547763 42523
1.295416108 103.862549916 42528
1.295479398 103.862549916 42533
1.295551777 103.862541192 42538
1.295551777 103.862541192 42543
1.295615115 103.862532468 42548
1.295687495 103.862523745 42553
1.295750833 103.862515021 42558
1.295750833 103.862515021 42563
1.295823213 103.862506297 42568
1.2958866 103.86248885 42573
1.295940946 103.862471402 42578
1.295940946 103.862471402 42583
1.296004284 103.862462679 42588
1.296058679 103.862436507 42593
1.296112826 103.862416907 42598
1.296112826 103.862416907 42603
1.296167172 103.86239946 42608
1.296221518 103.862382012 42613
1.296275715 103.862353688 42618
1.296275715 103.862353688 42623
1.296330061 103.862336241 42628
1.296384208 103.862316641 42633
1.296438554 103.862299193 42638
1.296438554 103.862299193 42643
1.296483858 103.862281746 42648
1.296538155 103.862273022 42653
1.296601494 103.862264298 42658
1.296601494 103.862264298 42663
1.296655742 103.862264298 42668
1.29671908 103.862255575 42673
1.296782568 103.862257728 42678
1.296782568 103.862257728 42683
1.296845808 103.862266451 42688
1.296900206 103.862277328 42693
1.296945363 103.862286052 42698
1.296945363 103.862286052 42703
1.297008753 103.862305652 42708
1.297071993 103.862314375 42713
1.297135334 103.862342699 42718
1.297135334 103.862342699 42723
1.297198724 103.8623623 42728
1.297261964 103.862371023 42733
1.297325354 103.862390624 42738
1.297325354 103.862390624 42743
1.297388744 103.862410224 42748
1.297451935 103.862427671 42753
1.297515325 103.862447272 42758
1.297515325 103.862447272 42763
1.297578715 103.862466872 42768
1.297641906 103.862484319 42773
1.297705345 103.862495196 42778
1.297705345 103.862495196 42783
1.297768536 103.862512643 42788
1.297831727 103.862530091 42793
1.297886076 103.862549691 42798
1.297886076 103.862549691 42803
1.297949267 103.862567138 42808
1.298012657 103.862586739 42813
1.298084938 103.862595462 42818
1.298084938 103.862595462 42823
1.298148328 103.862615063 42828
1.298211568 103.862623786 42833
1.298283999 103.862643387 42838
1.298283999 103.862643387 42843
1.29834719 103.862660834 42848
1.298410629 103.862671711 42853
1.298482862 103.862689158 42858
1.298482862 103.862689158 42863
1.298546251 103.862708758 42868
1.298618484 103.862726206 42873
1.298681874 103.862745806 42878
1.298681874 103.862745806 42883
1.298754256 103.86277413 42888
1.298817597 103.862802454 42893
1.298880739 103.862828625 42898
1.298880739 103.862828625 42903
1.29894403 103.862865673 42908
1.299007322 103.862902721 42913
1.299061722 103.862950645 42918
1.299061722 103.862950645 42923
1.299124965 103.862996416 42928
1.299179166 103.863042188 42933
1.299233417 103.863079236 42938
1.299233417 103.863079236 42943
1.299287618 103.863125007 42948
1.299332778 103.863170778 42953
1.299387178 103.863218703 42958
1.299387178 103.863218703 42963
1.299432289 103.863273198 42968
1.299477498 103.863310245 42973
1.299522658 103.863356017 42978
1.299522658 103.863356017 42983
1.299567968 103.863412665 42988
1.299604086 103.863458436 42993
1.299640404 103.863506361 42998
1.299640404 103.863506361 43003
1.299676474 103.863560856 43008
1.29970375 103.86360878 43013
1.299739918 103.863645828 43018
1.299739918 103.863645828 43023
1.299766995 103.863691599 43029
1.29978508 103.863728647 43034
1.299803165 103.863765695 43039
1.299803165 103.863765695 43044
1.299821251 103.863802742 43049
1.299839336 103.86383979 43054
