0.0 0.0 45849
0.0 0.0 45855
0.0 0.0 45860
0.0 0.0 60751
0.0 0.0 60756
0.0 0.0 60761
1.271306252 103.662643878 60766
1.271306252 103.662643878 60771
1.271333381 103.662680925 60776
1.271441056 103.662718213 60781
1.271395849 103.662718213 60786
1.271395849 103.662718213 60791
1.271395754 103.662735675 60796
1.271404748 103.662744406 60801
1.271404701 103.662753137 60806
1.271404701 103.662753137 60811
1.271404848 103.66276399 60816
1.271413795 103.662781453 60821
1.271432173 103.662803159 60826
1.271432173 103.662803159 60831
1.271450261 103.662840206 60836
1.271486384 103.662885984 60841
1.271513662 103.662933884 60846
1.271513662 103.662933884 60851
1.271549933 103.662990515 60856
1.271595245 103.663047146 60861
1.27164051 103.663112508 60866
1.27164051 103.663112508 60871
1.271694917 103.663197455 60876
1.271740135 103.663271548 60881
1.271794541 103.663356495 60886
1.271794541 103.663356495 60891
1.271857942 103.663450173 60896
1.271921343 103.663543851 60901
1.271984744 103.663637528 60906
1.271984744 103.663637528 60911
1.272048144 103.663731206 60916
1.272120539 103.663833615 60921
1.272201975 103.663936024 60926
1.272201975 103.663936024 60931
1.272283411 103.664038433 60936
1.272355953 103.664151696 60941
1.27243739 103.664254104 60946
1.27243739 103.664254104 60951
1.272518778 103.664365244 60956
1.272600362 103.664478507 60961
1.272681751 103.664589647 60966
1.272681751 103.664589647 60971
1.272763334 103.66470291 60976
1.272844675 103.664822781 60981
1.272926259 103.664936043 60986
1.272926259 103.664936043 60991
1.273016837 103.665058037 60996
1.273098373 103.665180031 61001
1.27317991 103.665302025 61006
1.27317991 103.665302025 61011
1.273270292 103.665421896 61016
1.273351876 103.665535159 61021
1.273442454 103.665657153 61026
1.273442454 103.665657153 61031
1.273523843 103.665768293 61036
1.273605379 103.665890287 61041
1.273686963 103.66600355 61046
1.273686963 103.66600355 61051
1.273777393 103.66611469 61056
1.273858782 103.66622583 61061
1.273931277 103.666347824 61066
1.273931277 103.666347824 61071
1.274021707 103.666458964 61076
1.274103095 103.666570104 61081
1.274175442 103.666681245 61086
1.274175442 103.666681245 61091
1.274256831 103.666792385 61096
1.274347308 103.666894794 61101
1.274428697 103.667005934 61106
1.274428697 103.667005934 61111
1.274510085 103.667117074 61116
1.274591474 103.667228215 61121
1.274663869 103.667330624 61126
1.274663869 103.667330624 61131
1.274745257 103.667441764 61136
1.274826646 103.667552904 61141
1.274908034 103.667664044 61146
1.274908034 103.667664044 61151
1.274989618 103.667777308 61156
1.275071054 103.667879717 61161
1.275152443 103.667990857 61166
1.275152443 103.667990857 61171
1.275233831 103.668101998 61176
1.275315463 103.66820653 61181
1.27538781 103.66831767 61186
1.27538781 103.66831767 61191
1.275469198 103.668428811 61196
1.275541593 103.66853122 61202
1.275623177 103.668644484 61207
1.275623177 103.668644484 61212
1.275704613 103.668746893 61217
1.275786002 103.668858033 61222
1.275858544 103.668971297 61227
1.275858544 103.668971297 61232
1.275939933 103.669082437 61237
1.276021565 103.66918697 61242
1.276102953 103.669298111 61247
1.276102953 103.669298111 61252
1.276184537 103.669411374 61257
1.276265973 103.669513784 61262
1.276347362 103.669624924 61267
1.276347362 103.669624924 61272
1.276419756 103.669727334 61277
1.276501145 103.669838474 61282
1.276582581 103.669940884 61287
1.276582581 103.669940884 61292
1.276655124 103.670054148 61297
1.276736512 103.670165288 61302
1.276808907 103.670267698 61307
1.276808907 103.670267698 61312
1.276890295 103.670378838 61317
1.276971684 103.670489979 61322
1.27705312 103.670592388 61327
1.27705312 103.670592388 61332
1.277134508 103.670703529 61337
1.277216092 103.670816793 61342
1.277297481 103.670927933 61347
1.277297481 103.670927933 61352
1.277378869 103.671039074 61357
1.277460258 103.671150214 61362
1.277541694 103.671252624 61367
1.277541694 103.671252624 61372
1.277623082 103.671363764 61377
1.277695429 103.671474905 61382
1.277776817 103.671586045 61387
1.277776817 103.671586045 61392
1.277858206 103.671697186 61397
1.277930553 103.671808326 61402
1.278011941 103.671919467 61407
1.278011941 103.671919467 61412
1.278093133 103.672028483 61417
1.278174522 103.672139624 61422
1.278256106 103.672252888 61427
1.278256106 103.672252888 61432
1.278328453 103.672364029 61437
1.278409841 103.672475169 61442
1.278491229 103.67258631 61447
1.278491229 103.67258631 61452
1.278572422 103.672695326 61457
1.278644816 103.672797736 61462
1.278726204 103.672908877 61467
1.278726204 103.672908877 61472
1.278798451 103.673000432 61477
1.278870893 103.673094111 61482
1.278934294 103.67318779 61487
1.278934294 103.67318779 61492
1.278997546 103.673270614 61497
1.279051757 103.673353439 61502
1.279106016 103.673427532 61507
1.279106016 103.673427532 61512
1.279151234 103.673501626 61517
1.279205344 103.673564865 61522
1.279259603 103.673638959 61527
1.279259603 103.673638959 61532
1.279304868 103.673704322 61537
1.279359174 103.673769685 61542
1.279404392 103.673843778 61547
1.279404392 103.673843778 61552
1.279440419 103.673907017 61557
1.279476595 103.673981111 61562
1.279494885 103.674057329 61567
1.279494885 103.674057329 61572
1.279503937 103.674131422 61577
1.279503947 103.674205516 61582
1.279485827 103.67428834 61587
1.279485827 103.67428834 61592
1.279458518 103.67436031 61597
1.279431404 103.674434404 61602
1.279377018 103.674497642 61607
1.279377018 103.674497642 61612
1.279313786 103.674563005 61617
1.279250603 103.674619638 61622
1.27916914 103.674674146 61627
1.27916914 103.674674146 61632
