1.29342749 103.855900823 44866
1.29342749 103.855900823 44874
1.2934184 103.855909547 44879
1.293409508 103.855920423 44884
1.293400467 103.855920423 44889
1.293400467 103.855920423 44894
1.293391575 103.855931299 44899
1.293382683 103.855942174 44904
1.293373641 103.855942174 44909
1.293373641 103.855942174 44914
1.293355708 103.85595305 44919
1.293346816 103.855963926 44924
1.293346767 103.85597265 44929
1.293346767 103.85597265 44934
1.293337875 103.855983526 44939
1.293328834 103.855983526 44944
1.2933109 103.855994402 44949
1.2933109 103.855994402 44954
1.293301959 103.856014001 44959
1.293292869 103.856022725 44964
1.293283977 103.856033601 44969
1.293283977 103.856033601 44974
1.293283928 103.856042325 44979
1.293275036 103.856053201 44984
1.293274987 103.856061925 44989
1.293274987 103.856061925 44994
1.293265897 103.856070649 44999
1.293257005 103.856081525 45004
1.293256907 103.856098973 45009
1.293256907 103.856098973 45014
1.293256858 103.856107696 45019
1.293248015 103.856109848 45024
1.293238925 103.856118572 45029
1.293238925 103.856118572 45034
1.293238876 103.856127296 45039
1.293239025 103.856138172 45044
1.293238976 103.856146896 45049
1.293238976 103.856146896 45054
1.293238927 103.85615562 45059
1.293239077 103.856166496 45064
1.293239077 103.856166496 45069
1.293239077 103.856166496 45074
1.293239028 103.85617522 45079
1.293239226 103.856177372 45084
1.293239177 103.856186096 45089
1.293239177 103.856186096 45094
1.293239177 103.856186096 45099
1.293239128 103.85619482 45104
1.293239326 103.856196971 45109
1.293239326 103.856196971 45114
1.293239278 103.856205695 45119
1.293239278 103.856205695 45124
1.293239278 103.856205695 45129
1.293239278 103.856205695 45134
1.293239229 103.856214419 45139
1.293239229 103.856214419 45144
1.29323918 103.856223143 45149
1.29323918 103.856223143 45154
1.293239378 103.856225295 45159
1.293239329 103.856234019 45164
1.293239329 103.856234019 45169
1.293239329 103.856234019 45174
1.293239329 103.856234019 45179
1.293239329 103.856234019 45184
1.293230239 103.856242743 45189
1.293230239 103.856242743 45194
1.293230239 103.856242743 45199
1.293230239 103.856242743 45204
1.293230239 103.856242743 45209
1.293230239 103.856242743 45214
1.29323019 103.856251467 45219
1.293239182 103.856260191 45224
1.293230141 103.856260191 45229
1.293230141 103.856260191 45234
1.293230092 103.856268915 45239
1.29323029 103.856271067 45244
1.29323029 103.856271067 45249
1.29323029 103.856271067 45254
1.293221002 103.856277639 45259
1.293211961 103.856277639 45264
1.293211912 103.856286363 45269
1.293211912 103.856286363 45274
1.29321211 103.856288515 45279
1.293212061 103.856297239 45284
1.293212012 103.856305963 45289
1.293212012 103.856305963 45294
1.293211963 103.856314687 45299
1.293211963 103.856314687 45304
1.293202873 103.856323411 45309
1.293202873 103.856323411 45314
1.293202873 103.856323411 45319
1.293193783 103.856332135 45324
1.293193981 103.856334286 45329
1.293193981 103.856334286 45334
1.293193932 103.85634301 45339
1.293184842 103.856351734 45345
1.293184842 103.856351734 45350
1.293184842 103.856351734 45355
1.293184644 103.856349582 45360
1.293175602 103.856349582 45365
1.293175553 103.856358306 45370
1.293175553 103.856358306 45375
1.293166512 103.856358306 45380
1.293166512 103.856358306 45385
1.293157422 103.85636703 45390
1.293157422 103.85636703 45395
1.293157422 103.85636703 45400
1.293148182 103.856364878 45405
1.293148182 103.856364878 45410
1.293148182 103.856364878 45415
1.293139141 103.856364878 45420
1.293139141 103.856364878 45425
1.293139092 103.856373602 45430
1.293139092 103.856373602 45435
1.293130051 103.856373602 45440
1.293130051 103.856373602 45445
1.29312086 103.856362727 45450
1.29312086 103.856362727 45455
1.293111819 103.856362727 45460
1.293102777 103.856362727 45465
1.293093736 103.856362727 45470
1.293093736 103.856362727 45475
1.293084744 103.856354003 45480
1.293075553 103.856343127 45485
1.29305747 103.856343127 45490
1.29305747 103.856343127 45495
1.293039437 103.856334403 45500
1.293012313 103.856334403 45505
1.29298499 103.856332251 45510
1.29298499 103.856332251 45515
1.29296681 103.856349699 45520
1.292948828 103.856369299 45525
1.292930598 103.85639547 45530
1.292930598 103.85639547 45535
1.29291232 103.856430366 45540
1.29288515 103.856476138 45545
1.29284874 103.856519757 45550
1.29284874 103.856519757 45555
1.292821521 103.856574253 45560
1.292785062 103.856626596 45565
1.292748802 103.856681092 45570
1.292748802 103.856681092 45575
1.292703302 103.856733435 45580
1.292667042 103.856787931 45585
1.292621493 103.856848998 45590
1.292621493 103.856848998 45595
1.292576191 103.856903494 45600
1.292539882 103.856966713 45605
1.292521655 103.857029932 45610
1.292521655 103.857029932 45615
1.292503429 103.857093152 45620
1.292466921 103.857154219 45625
1.292439654 103.857217438 45630
1.292439654 103.857217438 45635
1.292412434 103.857271934 45640
1.292375927 103.857333001 45645
1.292339667 103.857387496 45650
1.292339667 103.857387496 45655
1.292303358 103.857450715 45660
1.292276139 103.857505211 45665
1.29223968 103.857557554 45670
1.29223968 103.857557554 45675
1.29220342 103.857612049 45680
1.292157969 103.857655669 45685
1.292121709 103.857710164 45690
1.292121709 103.857710164 45695
1.292085497 103.857755935 45700
1.292040195 103.857810431 45705
1.292003935 103.857864926 45710
1.292003935 103.857864926 45715
1.291967724 103.857910697 45720
1.291922471 103.857956469 45725
1.29187702 103.858000088 45730
1.29187702 103.858000088 45735
1.291822924 103.858048011 45740
1.291768581 103.858102507 45745
1.291714238 103.858157002 45750
1.291714238 103.858157002 45755
1.291651003 103.858222373 45760
1.291587521 103.858294316 45765
