0.0 0.0 80183
0.0 0.0 80189
0.0 0.0 80194
0.0 0.0 80472
1.339468068 103.719815569 80477
1.339468068 103.719815569 80482
1.339467863 103.719813438 80487
1.339467658 103.719811306 80492
1.339467452 103.719809175 80497
1.339467452 103.719809175 80502
1.339476288 103.719807044 80507
1.339476083 103.719804913 80512
1.339484713 103.719800651 80517
1.339484713 103.719800651 80522
1.339484558 103.719789791 80527
1.339493393 103.71978766 80532
1.339493188 103.719785529 80537
1.339493188 103.719785529 80542
1.339493033 103.719774668 80547
1.339493033 103.719774668 80552
1.339493033 103.719774668 80557
1.339493033 103.719774668 80562
1.339493033 103.719774668 80567
1.339493238 103.7197768 80572
1.339493238 103.7197768 80577
1.339493238 103.7197768 80582
1.339493443 103.719778931 80587
1.339493443 103.719778931 80592
1.339493649 103.719781062 80597
1.339493649 103.719781062 80602
1.339493699 103.719772333 80607
1.339493699 103.719772333 80612
1.339493954 103.719765735 80617
1.339493954 103.719765735 80622
1.339493749 103.719763604 80627
1.339493749 103.719763604 80632
1.339493544 103.719761473 80637
1.339493544 103.719761473 80642
1.339493594 103.719752743 80647
1.339493594 103.719752743 80652
1.339493594 103.719752743 80657
1.339493594 103.719752743 80662
1.339493388 103.719750612 80667
1.339493388 103.719750612 80672
1.339493388 103.719750612 80677
1.339493388 103.719750612 80682
1.339493439 103.719741883 80687
1.339493439 103.719741883 80692
1.339493439 103.719741883 80697
1.339493439 103.719741883 80702
1.339493439 103.719741883 80707
1.339493439 103.719741883 80712
1.339493439 103.719741883 80717
1.339493439 103.719741883 80722
1.339493489 103.719733154 80727
1.339493489 103.719733154 80732
1.339493489 103.719733154 80737
1.339493489 103.719733154 80742
1.339493489 103.719733154 80747
1.339493489 103.719733154 80752
1.339493489 103.719733154 80757
1.339493489 103.719733154 80762
1.339493489 103.719733154 80767
1.339493489 103.719733154 80772
1.339493489 103.719733154 80777
1.339493489 103.719733154 80782
1.339493489 103.719733154 80787
1.339493489 103.719733154 80792
1.339493489 103.719733154 80797
1.339493489 103.719733154 80802
1.339493539 103.719724425 80807
1.339493539 103.719724425 80812
1.339493539 103.719724425 80817
1.339493539 103.719724425 80822
1.339493539 103.719724425 80827
1.339493539 103.719724425 80832
1.339493539 103.719724425 80837
1.339493539 103.719724425 80842
1.339493539 103.719724425 80847
1.339493539 103.719724425 80852
1.339493539 103.719724425 80857
1.339493539 103.719724425 80862
1.339493539 103.719724425 80867
1.339493539 103.719724425 80872
1.339493539 103.719724425 80877
1.339493539 103.719724425 80882
1.339493539 103.719724425 80887
1.339493539 103.719724425 80892
1.339493744 103.719726556 80897
1.339493744 103.719726556 80902
1.339493744 103.719726556 80907
1.339493744 103.719726556 80912
1.339493744 103.719726556 80917
1.339493744 103.719726556 80922
1.339493744 103.719726556 80927
1.339502785 103.719726556 80932
1.339503041 103.719719958 80937
1.339503041 103.719719958 80942
1.339502991 103.719728687 80947
1.339503246 103.719722089 80952
1.339503246 103.719722089 80957
1.339503246 103.719722089 80962
1.339503451 103.719724221 80967
1.339503502 103.719715491 80972
1.339503707 103.719717623 80977
1.339503707 103.719717623 80982
1.339512953 103.719719754 80987
1.339512953 103.719719754 80992
1.339504118 103.719721885 80997
1.339504118 103.719721885 81002
1.339504118 103.719721885 81007
1.339504323 103.719724016 81012
1.33951357 103.719726147 81017
1.33951357 103.719726147 81023
1.33951357 103.719726147 81028
1.339504684 103.719737007 81033
1.339504889 103.719739138 81038
1.339504889 103.719739138 81043
1.339504889 103.719739138 81048
1.339514136 103.719741269 81053
1.339514341 103.7197434 81058
1.339514341 103.7197434 81063
1.339514391 103.719734671 81068
1.339514596 103.719736802 81073
1.339514596 103.719736802 81078
1.339514596 103.719736802 81083
1.339514802 103.719738934 81088
1.339514802 103.719738934 81093
1.339515007 103.719741065 81098
1.339515007 103.719741065 81103
1.339515007 103.719741065 81108
1.339515007 103.719741065 81113
1.339515213 103.719743196 81118
1.339515213 103.719743196 81123
1.339515263 103.719734467 81128
1.339524509 103.719736598 81133
1.339524509 103.719736598 81138
1.339524509 103.719736598 81143
1.339524559 103.719727869 81148
1.339524765 103.71973 81153
1.339524815 103.719721271 81158
1.339524815 103.719721271 81163
1.33952502 103.719723402 81168
1.33952502 103.719723402 81173
1.339525225 103.719725533 81178
1.339525225 103.719725533 81183
1.339525225 103.719725533 81188
1.339525431 103.719727664 81193
1.339525431 103.719727664 81198
1.339525431 103.719727664 81203
1.339525636 103.719729795 81208
1.339525686 103.719721066 81213
1.339525892 103.719723197 81218
1.339525892 103.719723197 81223
1.339516851 103.719723197 81228
1.339517056 103.719725328 81233
1.339517056 103.719725328 81238
1.339517056 103.719725328 81243
1.339517312 103.71971873 81248
1.339517312 103.71971873 81253
1.339517517 103.719720861 81258
1.339517517 103.719720861 81263
1.339517517 103.719720861 81268
1.339517722 103.719722993 81273
1.339517722 103.719722993 81278
1.339517722 103.719722993 81283
1.339517928 103.719725124 81288
1.339517978 103.719716395 81293
1.339508937 103.719716395 81298
1.339508937 103.719716395 81303
1.339509142 103.719718526 81308
1.339509142 103.719718526 81313
1.339509142 103.719718526 81318
1.339509142 103.719718526 81323
1.339509142 103.719718526 81328
1.339509142 103.719718526 81333
1.339509348 103.719720657 81338
1.339509348 103.719720657 81343
1.339509348 103.719720657 81348
1.339509348 103.719720657 81353
