1.345897586 103.707098969 49126
1.345933698 103.707107698 49134
1.345970017 103.707118557 49139
1.346006285 103.707138144 49144
1.346006285 103.707138144 49149
1.346042453 103.70717519 49154
1.34606958 103.707212236 49159
1.346096863 103.707260141 49164
1.346096863 103.707260141 49169
1.346133137 103.707316775 49174
1.34616037 103.707373408 49179
1.346187552 103.707438771 49184
1.346187552 103.707438771 49189
1.346205694 103.707504134 49194
1.346232876 103.707569497 49199
1.346269099 103.70763486 49204
1.346269099 103.70763486 49209
1.346296231 103.707708953 49214
1.346341651 103.707785174 49219
1.346377824 103.707859267 49224
1.346377824 103.707859267 49229
1.346423244 103.707935488 49234
1.346468407 103.70801831 49239
1.346522868 103.708094531 49244
1.346522868 103.708094531 49249
1.346577071 103.708177353 49254
1.346631532 103.708253574 49259
1.346685942 103.708338525 49264
1.346685942 103.708338525 49269
1.346749136 103.708430076 49274
1.346812537 103.708523756 49279
1.346884978 103.708617436 49284
1.346884978 103.708617436 49289
1.346957369 103.708719845 49294
1.34702981 103.708813525 49299
1.347111191 103.708924664 49304
1.347111191 103.708924664 49309
1.347183582 103.709027073 49314
1.347265014 103.709129483 49319
1.347346395 103.709240621 49324
1.347346395 103.709240621 49329
1.347427726 103.709360489 49334
1.347509263 103.709482486 49339
1.3475908 103.709604483 49344
1.3475908 103.709604483 49349
1.347663141 103.709715622 49354
1.347735688 103.70982889 49359
1.347799089 103.70992257 49364
1.347799089 103.70992257 49369
1.347862439 103.71002498 49374
1.34792589 103.710109931 49379
1.347971416 103.710205741 49384
1.347971416 103.710205741 49389
1.348007694 103.710299421 49394
1.348053064 103.710384372 49399
1.348080352 103.710469324 49404
1.348080352 103.710469324 49409
1.348107691 103.710545546 49414
1.348134873 103.710610909 49419
1.348162263 103.710678402 49424
1.348162263 103.710678402 49429
1.348189546 103.710726307 49434
1.34821688 103.710765483 49439
1.348235122 103.710813388 49444
1.348235122 103.710813388 49449
1.348253158 103.710859163 49454
1.348262461 103.71088961 49459
1.348280699 103.710900469 49464
1.348280699 103.710900469 49469
1.348289946 103.710902599 49474
1.348299037 103.71089387 49479
1.348308129 103.71088514 49484
1.348308129 103.71088514 49489
1.348308229 103.710867682 49494
1.348317371 103.710850224 49499
1.348335604 103.710824036 49504
1.348335604 103.710824036 49509
1.348344952 103.710808708 49514
1.348363134 103.71079125 49519
1.348372276 103.710773791 49524
1.348372276 103.710773791 49529
1.348381417 103.710756333 49534
1.348390609 103.710730145 49539
1.348399701 103.710721416 49544
1.348399701 103.710721416 49549
1.348399852 103.710695229 49554
1.3484092 103.7106799 49559
1.348418342 103.710662442 49564
1.348418342 103.710662442 49569
1.348427483 103.710644983 49574
1.348436781 103.710638384 49579
1.348454964 103.710620926 49584
1.348454964 103.710620926 49589
1.348473302 103.710614326 49594
1.348491434 103.710605597 49599
1.348527804 103.710607727 49604
1.348527804 103.710607727 49609
1.348555133 103.710609856 49614
1.348582411 103.710620715 49619
1.348609846 103.710642433 49624
1.348609846 103.710642433 49629
1.348646064 103.71067075 49634
1.348682489 103.710701197 49639
1.348718864 103.710740373 49644
1.348718864 103.710740373 49649
1.34876433 103.71077082 49654
1.348809745 103.710809996 49659
1.348855267 103.71086876 49664
1.348855267 103.71086876 49669
1.348900581 103.710925394 49674
1.348955143 103.710984159 49679
1.349009655 103.711051652 49684
1.349009655 103.711051652 49689
1.349073207 103.711119145 49694
1.349127719 103.711186639 49699
1.349191271 103.711254132 49704
1.349191271 103.711254132 49709
1.349254874 103.711312897 49714
1.349309542 103.711391249 49719
1.349373095 103.711458743 49724
1.349373095 103.711458743 49729
1.349436854 103.711528366 49734
1.349500563 103.711606719 49739
1.349564323 103.711676342 49744
1.349564323 103.711676342 49749
1.349619041 103.711745966 49754
1.349682851 103.71180686 49759
1.349737464 103.711856896 49764
1.349737464 103.711856896 49769
1.349792284 103.711909061 49774
1.349855938 103.711959096 49779
1.349919798 103.712011262 49784
1.349919798 103.712011262 49789
1.349974412 103.712061297 49794
1.350029232 103.712113463 49799
1.350083794 103.712172228 49804
1.350083794 103.712172228 49809
1.350138407 103.712222263 49814
1.35019302 103.712272299 49819
1.350238542 103.712331064 49824
1.350238542 103.712331064 49830
1.350275124 103.71237237 49835
1.350302302 103.712400688 49840
1.350329687 103.712431135 49845
1.350329687 103.712431135 49850
1.350347925 103.712441995 49855
1.350366163 103.712452854 49860
1.35037536 103.712463713 49865
1.35037536 103.712463713 49870
1.350393649 103.712465843 49875
1.350402897 103.712467973 49880
1.350411938 103.712467973 49885
1.350411938 103.712467973 49890
1.350411988 103.712459244 49895
1.350411988 103.712459244 49900
1.35042113 103.712441785 49905
1.35042113 103.712441785 49910
1.350430014 103.712430926 49915
1.350430065 103.712422197 49920
1.350439207 103.712404738 49925
1.350439207 103.712404738 49930
1.350448247 103.712404738 49935
1.350448298 103.712396009 49940
1.350448348 103.71238728 49945
1.350448348 103.71238728 49950
1.350448657 103.712371952 49955
1.350448657 103.712371952 49960
1.350448914 103.712365352 49965
1.350448914 103.712365352 49970
1.350449172 103.712358753 49975
1.35044948 103.712343425 49980
1.350458778 103.712336825 49985
1.350458778 103.712336825 49990
1.350459036 103.712330226 49995
1.350468385 103.712314898 50000
1.3504689 103.712301699 50005
1.3504689 103.712301699 50010
1.350478198 103.7122951 50015
1.350487547 103.712279771 50020
1.350488062 103.712266573 50025
