0.0 0.0 68485
0.0 0.0 68491
0.0 0.0 68496
0.0 0.0 76749
nan nan 76754
nan nan 76759
nan nan 76764
nan nan 76769
nan nan 76774
nan nan 76779
nan nan 76784
nan nan 76789
nan nan 76794
nan nan 76799
nan nan 76804
nan nan 76809
nan nan 76814
1.339903284 103.705649656 76819
1.339858179 103.705632197 76824
1.339858179 103.705632197 76829
1.339858129 103.705640926 76834
1.339858129 103.705640926 76839
1.339858129 103.705640926 76844
1.339858129 103.705640926 76849
1.339858384 103.705634326 76854
1.339867681 103.705627725 76859
1.339876977 103.705621124 76864
1.339876977 103.705621124 76869
1.339886324 103.705605794 76874
1.339886474 103.705579605 76879
1.339895821 103.705564275 76884
1.339895821 103.705564275 76889
1.339896332 103.705551074 76894
1.339905629 103.705544473 76899
1.339905934 103.705529143 76904
1.339905934 103.705529143 76909
1.339915486 103.705515941 76914
1.339924883 103.705491881 76919
1.339925189 103.705476551 76924
1.339925189 103.705476551 76929
1.339925495 103.705461221 76934
1.339934841 103.705445891 76939
1.339935147 103.70543056 76944
1.339935147 103.70543056 76949
1.339935453 103.70541523 76954
nan nan 76960
nan nan 76965
nan nan 76970
nan nan 76975
nan nan 76980
1.339945766 103.705345179 76985
1.339945766 103.705345179 76990
1.339946022 103.705338578 76995
1.339937186 103.705340707 77000
1.339928401 103.705334106 77005
1.339928401 103.705334106 77010
1.339928606 103.705336235 77015
1.339920026 103.705331763 77020
1.339911396 103.705336021 77025
1.339911396 103.705336021 77030
1.339902766 103.705340279 77035
1.339903177 103.705344537 77040
1.339903588 103.705348795 77045
1.339903588 103.705348795 77050
1.339894957 103.705353053 77055
1.339895318 103.70536604 77060
1.339886688 103.705370298 77065
1.339886688 103.705370298 77070
1.339878058 103.705374556 77075
1.339878263 103.705376685 77080
1.339869633 103.705380943 77085
1.339869633 103.705380943 77090
1.339869839 103.705383072 77095
1.339861208 103.705387329 77100
1.339852323 103.705398188 77105
1.339852323 103.705398188 77110
1.339852528 103.705400317 77115
1.339852989 103.705395845 77120
1.339843898 103.705404575 77125
1.339843898 103.705404575 77130
1.339844103 103.705406704 77135
1.339844309 103.705408833 77140
1.339844464 103.705419691 77145
1.339844464 103.705419691 77150
1.339835628 103.70542182 77155
1.339835834 103.705423949 77160
1.33984503 103.705434808 77165
1.33984503 103.705434808 77170
1.339845236 103.705436937 77175
1.339845391 103.705447796 77180
1.339845546 103.705458654 77185
1.339845546 103.705458654 77190
1.339863684 103.705486972 77195
1.339881566 103.705521891 77200
1.339899703 103.705550209 77205
1.339899703 103.705550209 77210
1.339926881 103.705578527 77215
1.33995406 103.705606845 77220
1.339981394 103.705646022 77225
1.339981394 103.705646022 77230
1.340017769 103.705685199 77235
1.340045103 103.705724375 77240
1.340081428 103.705772282 77245
1.340081428 103.705772282 77250
1.340118008 103.705813588 77255
1.340145292 103.705861494 77260
1.340181567 103.70591813 77265
1.340181567 103.70591813 77270
1.340217686 103.705963908 77275
1.340254011 103.706011814 77280
1.340290336 103.706059721 77285
1.340290336 103.706059721 77290
1.340326506 103.706096768 77295
1.340353789 103.706144675 77300
1.340390114 103.706192582 77305
1.340390114 103.706192582 77310
1.340408202 103.706229629 77315
1.34043533 103.706266677 77320
1.340462664 103.706305854 77325
1.340462664 103.706305854 77330
1.340480751 103.706342902 77335
1.340498889 103.70637122 77340
1.340507935 103.706408268 77345
1.340507935 103.706408268 77350
1.340525917 103.706425727 77355
1.340535013 103.706454045 77360
1.340552995 103.706471505 77365
1.340552995 103.706471505 77370
1.340562092 103.706499823 77375
1.340580074 103.706517282 77380
1.340589014 103.706534741 77385
1.340589014 103.706534741 77390
1.340607202 103.70655433 77395
1.340616193 103.70656306 77400
1.340625134 103.706580519 77405
1.340625134 103.706580519 77410
1.340634075 103.706597978 77415
1.340643066 103.706606708 77420
1.340652007 103.706624167 77425
1.340652007 103.706624167 77430
1.340660998 103.706632897 77435
1.340669938 103.706650356 77440
1.340678879 103.706667816 77445
1.340678879 103.706667816 77450
1.34068787 103.706676545 77455
1.34068777 103.706694005 77460
1.340696711 103.706711464 77465
1.340696711 103.706711464 77470
1.340696455 103.706718064 77475
1.340696405 103.706726794 77480
1.340705396 103.706735524 77485
1.340705396 103.706735524 77490
1.340705346 103.706744253 77495
1.340705296 103.706752983 77500
1.340705246 103.706761713 77505
1.340705246 103.706761713 77510
1.340714237 103.706770442 77515
1.340713981 103.706777043 77520
1.340713981 103.706777043 77525
1.340713981 103.706777043 77530
1.340722972 103.706785772 77535
1.340722922 103.706794502 77540
1.340722666 103.706801103 77545
1.340722666 103.706801103 77550
1.340722666 103.706801103 77555
1.340722616 103.706809832 77560
1.340731607 103.706818562 77565
1.340731607 103.706818562 77570
1.340731557 103.706827292 77575
1.340731301 103.706833892 77580
1.340740292 103.706842622 77585
1.340740292 103.706842622 77590
1.340740242 103.706851351 77595
1.340740192 103.706860081 77600
1.340749183 103.706868811 77605
1.340749183 103.706868811 77610
1.340749082 103.70688627 77615
1.340758023 103.706903729 77620
1.340767014 103.706912459 77625
1.340767014 103.706912459 77630
