0.0 0.0 40252
0.0 0.0 40258
0.0 0.0 40263
0.0 0.0 40363
1.291275334 103.860651993 40368
1.291275334 103.860651993 40373
1.291285066 103.860641004 40378
1.291277112 103.860634319 40383
1.29126896 103.860625482 40388
1.29126896 103.860625482 40393
1.291260116 103.860627634 40398
1.291260314 103.860629787 40403
1.29125162 103.860642816 40408
1.29125162 103.860642816 40413
1.291252165 103.860657997 40418
1.291261306 103.860677597 40423
1.291261604 103.860699349 40428
1.291261604 103.860699349 40433
1.291270944 103.860721102 40438
1.29127144 103.860745007 40443
1.291271689 103.860775483 40448
1.291271689 103.860775483 40453
1.291271987 103.860797235 40458
1.291263195 103.860827711 40463
1.291263395 103.860866911 40468
1.291263395 103.860866911 40473
1.291255099 103.860921293 40478
1.291246605 103.860973521 40483
1.291256096 103.861043198 40488
1.291256096 103.861043198 40493
1.291265341 103.861119445 40498
1.291274238 103.861182663 40503
1.291274292 103.861248035 40508
1.291274292 103.861248035 40513
1.291265996 103.861302416 40518
1.291265654 103.861363482 40523
1.291274947 103.861431006 40528
1.291274947 103.861431006 40533
1.291266209 103.861526853 40538
1.291257718 103.86161613 40543
1.29124883 103.861701101 40548
1.29124883 103.861701101 40553
1.291248985 103.861786072 40558
1.291258527 103.861884073 40563
1.291259028 103.861982073 40568
1.291259028 103.861982073 40573
1.291259776 103.862073503 40578
1.29125993 103.862158474 40583
1.291259981 103.862186798 40588
1.291259981 103.862186798 40593
1.291250896 103.862269616 40598
1.291251148 103.862337141 40603
1.291242161 103.862402512 40608
1.291242161 103.862402512 40613
1.291242215 103.862467883 40618
1.291242466 103.862535407 40623
1.291251562 103.862600779 40628
1.291251562 103.862600779 40633
1.291269747 103.862657426 40638
1.291296974 103.862714074 40643
1.291333242 103.862770722 40648
1.291333242 103.862770722 40653
1.291369409 103.862807769 40658
1.291414816 103.86284697 40663
1.291469265 103.86288617 40668
1.291469265 103.86288617 40673
1.291532654 103.86290577 40678
1.291587051 103.862916647 40683
1.291650291 103.86292537 40688
1.291650291 103.86292537 40693
1.291704688 103.862936247 40698
1.291759183 103.862929676 40703
1.291813431 103.862929676 40708
1.291813431 103.862929676 40713
1.291867728 103.862920953 40718
1.291912983 103.862912229 40723
1.291958239 103.862903505 40728
1.291958239 103.862903505 40733
1.291994453 103.862894782 40738
1.292039708 103.862886058 40743
1.292075922 103.862877334 40748
1.292075922 103.862877334 40753
1.292103144 103.862859887 40758
1.292139358 103.862851163 40763
1.292166531 103.86284244 40768
1.292166531 103.86284244 40773
1.292193655 103.86284244 40778
1.292220977 103.862844593 40783
1.292239108 103.862835869 40788
1.292239108 103.862835869 40793
1.29224815 103.862835869 40798
1.292257142 103.862844593 40803
1.292266183 103.862844593 40808
1.292266183 103.862844593 40813
1.292275423 103.862846745 40818
1.292275423 103.862846745 40823
1.292284464 103.862846745 40828
1.292284464 103.862846745 40833
1.292284464 103.862846745 40838
1.292284464 103.862846745 40843
1.292284662 103.862848898 40848
1.292284662 103.862848898 40853
1.292293703 103.862848898 40858
1.292293703 103.862848898 40863
1.292293703 103.862848898 40868
1.292293703 103.862848898 40873
1.292293703 103.862848898 40878
1.292302745 103.862848898 40883
1.292302745 103.862848898 40888
1.292302745 103.862848898 40893
1.292302745 103.862848898 40898
1.292302943 103.862851051 40903
1.292302943 103.862851051 40908
1.292302943 103.862851051 40913
1.292302894 103.862859775 40918
1.292311984 103.862851051 40923
1.292311984 103.862851051 40928
1.292311984 103.862851051 40933
1.292311984 103.862851051 40938
1.292311984 103.862851051 40943
1.292311984 103.862851051 40948
1.292311984 103.862851051 40953
1.292311984 103.862851051 40958
1.292311984 103.862851051 40964
1.292311984 103.862851051 40969
1.292311984 103.862851051 40974
1.292311935 103.862859775 40979
1.292321025 103.862851051 40984
1.292321025 103.862851051 40989
1.292321025 103.862851051 40994
1.292321025 103.862851051 40999
1.292321025 103.862851051 41004
1.292321025 103.862851051 41009
1.292321025 103.862851051 41014
1.292321025 103.862851051 41019
1.292321025 103.862851051 41024
1.292321025 103.862851051 41029
1.292321025 103.862851051 41034
1.292321025 103.862851051 41039
1.292321025 103.862851051 41044
1.292321025 103.862851051 41049
1.292321025 103.862851051 41054
1.292321025 103.862851051 41059
1.292321025 103.862851051 41064
1.292321223 103.862853204 41069
1.292321223 103.862853204 41074
1.292321223 103.862853204 41079
1.292321223 103.862853204 41084
1.292321223 103.862853204 41089
1.292321223 103.862853204 41094
1.292321223 103.862853204 41099
1.292321223 103.862853204 41104
1.292321223 103.862853204 41109
1.292321223 103.862853204 41114
1.292321223 103.862853204 41119
1.292321223 103.862853204 41124
1.292321223 103.862853204 41129
1.292321223 103.862853204 41134
1.292321223 103.862853204 41139
1.292321223 103.862853204 41144
1.292321223 103.862853204 41149
1.292321223 103.862853204 41154
1.292330265 103.862853204 41159
1.292330265 103.862853204 41164
1.292330265 103.862853204 41169
1.292330265 103.862853204 41174
1.292330265 103.862853204 41179
1.292330265 103.862853204 41184
1.292330265 103.862853204 41189
1.292330265 103.862853204 41194
1.292330265 103.862853204 41199
1.292330265 103.862853204 41204
1.292330265 103.862853204 41209
1.292330265 103.862853204 41214
1.292330265 103.862853204 41219
1.292330265 103.862853204 41224
1.292330265 103.862853204 41229
1.292330265 103.862853204 41234
1.292330265 103.862853204 41239
1.292330265 103.862853204 41244
