1.279491851 103.674079975 66067
1.279501052 103.674164923 66076
1.279501062 103.674239017 66081
1.27948299 103.67431311 66086
1.27948299 103.67431311 66091
1.279446835 103.674387204 66096
1.279401687 103.674452567 66101
1.279338259 103.674515805 66106
1.279338259 103.674515805 66111
1.279275076 103.674572438 66116
1.279193809 103.67462907 66121
1.279112299 103.674692309 66126
1.279112299 103.674692309 66131
1.279021944 103.674757671 66136
1.278931589 103.674823034 66141
1.278832144 103.674897128 66146
1.278832144 103.674897128 66151
1.278732504 103.674969097 66156
1.278633107 103.67503446 66161
1.278524621 103.675108554 66166
1.278524621 103.675108554 66171
1.278425176 103.675182647 66176
1.278316691 103.675256741 66181
1.278208157 103.675339565 66186
1.278208157 103.675339565 66191
1.278099671 103.675413658 66196
1.277991137 103.675496483 66201
1.277882652 103.675570576 66206
1.277882652 103.675570576 66211
1.277774314 103.675655525 66216
1.27766578 103.675738349 66221
1.277557294 103.675812442 66226
1.277557294 103.675812442 66231
1.277448808 103.675886536 66236
1.277340275 103.67596936 66241
1.27724083 103.676043454 66246
1.27724083 103.676043454 66251
1.277132344 103.676117547 66256
1.277023858 103.676191641 66261
1.276924413 103.676265734 66266
1.276924413 103.676265734 66271
1.276824969 103.676339828 66276
1.276734369 103.676411797 66281
1.276643966 103.67648589 66286
1.276643966 103.67648589 66291
1.27655361 103.676551253 66296
1.276463059 103.676614492 66301
1.276390786 103.676679855 66306
1.276390786 103.676679855 66311
1.276309472 103.676745218 66316
1.276237051 103.676799726 66321
1.27616463 103.676854234 66326
1.27616463 103.676854234 66331
1.276101493 103.676902135 66336
1.276038161 103.676947913 66341
1.275983871 103.67699369 66346
1.275983871 103.67699369 66351
1.275929627 103.677030737 66356
1.275875384 103.677067784 66361
1.275839272 103.6770961 66366
1.275839272 103.6770961 66371
1.2758122 103.677124416 66376
1.27579417 103.677152732 66381
1.275775992 103.677170193 66386
1.275775992 103.677170193 66391
1.275776093 103.677189779 66396
1.275767004 103.67719851 66401
1.27575811 103.677209365 66406
1.27575811 103.677209365 66411
1.275758063 103.677218095 66416
1.275758015 103.677226826 66421
1.275758211 103.67722895 66426
1.275758211 103.67722895 66431
1.275749122 103.677237681 66436
1.275749175 103.677265997 66441
1.275749032 103.677292189 66446
1.275749032 103.677292189 66451
1.275776161 103.677329236 66456
1.275803439 103.677377138 66461
1.27583052 103.677422915 66466
1.27583052 103.677422915 66471
1.275875785 103.677488278 66476
1.275930092 103.677553641 66481
1.275975309 103.677627735 66486
1.275975309 103.677627735 66491
1.276038561 103.677710559 66496
1.276092772 103.677793383 66501
1.276156173 103.677887062 66506
1.276156173 103.677887062 66511
1.276219425 103.677969886 66516
1.276282826 103.678063565 66521
1.276355268 103.678157245 66526
1.276355268 103.678157245 66531
1.276418473 103.678248799 66536
1.276490914 103.678342479 66541
1.276554119 103.678434033 66546
1.276554119 103.678434033 66551
1.27661752 103.678527713 66556
1.276689962 103.678621392 66561
1.276753166 103.678712947 66566
1.276753166 103.678712947 66571
1.276825608 103.678806626 66576
1.276888813 103.678898181 66581
1.276961255 103.67899186 66586
1.276961255 103.67899186 66591
1.277024507 103.679074684 66596
1.277087908 103.679168364 66601
1.277142119 103.679251188 66606
1.277142119 103.679251188 66611
1.277205371 103.679334012 66616
1.277268623 103.679416836 66621
1.277322834 103.67949966 66626
1.277322834 103.67949966 66631
1.277377093 103.679573754 66636
1.277431351 103.679647847 66641
1.27748561 103.679721941 66646
1.27748561 103.679721941 66651
1.277530631 103.67979391 66656
1.277575944 103.679850542 66661
1.277621061 103.67990505 66666
1.277621061 103.67990505 66671
1.277657184 103.679950827 66676
1.277684313 103.679987874 66681
1.277711442 103.680024921 66686
1.277711442 103.680024921 66691
1.27772953 103.680061968 66696
1.277747713 103.680081554 66701
1.277756855 103.68010114 66706
1.277756855 103.68010114 66711
1.277765849 103.68010987 66716
1.277775039 103.680120725 66721
1.277775039 103.680120725 66726
1.277775039 103.680120725 66732
1.277775039 103.680120725 66737
1.277775039 103.680120725 66742
1.277775039 103.680120725 66747
1.277775039 103.680120725 66752
1.27778408 103.680120725 66757
1.27778408 103.680120725 66762
1.277784228 103.680131581 66767
1.277784228 103.680131581 66772
1.277793222 103.680140311 66777
1.277811357 103.680168628 66782
1.277829493 103.680196944 66787
1.277829493 103.680196944 66792
1.277847533 103.680242721 66797
1.277865621 103.680279768 66802
1.27787462 103.680325545 66807
1.27787462 103.680325545 66812
1.277874773 103.680373448 66817
1.27786569 103.680419225 66822
1.277838475 103.680473733 66827
1.277838475 103.680473733 66832
1.277793422 103.680521635 66837
1.277739083 103.680576143 66842
1.277666662 103.68063065 66847
1.277666662 103.68063065 66852
1.277594437 103.680687283 66857
1.277512974 103.680741791 66862
1.277422422 103.680805029 66867
1.277422422 103.680805029 66872
1.277323025 103.680870392 66877
1.27722348 103.6809249 66882
1.277114846 103.680988138 66887
1.277114846 103.680988138 66892
1.277006359 103.681062231 66897
1.276897677 103.6811342 66902
1.276789191 103.681208294 66907
1.276789191 103.681208294 66912
1.276671616 103.681291118 66917
1.276553845 103.681371816 66922
1.276436269 103.68145464 66927
1.276436269 103.68145464 66932
1.276318694 103.681537464 66937
1.276192077 103.681620288 66942
1.276065461 103.681703112 66947
1.276065461 103.681703112 66952
1.275947886 103.681785936 66957
1.275821221 103.681877491 66962
1.275694604 103.681960314 66967
