0.0 0.0 66904
0.0 0.0 66910
0.0 0.0 66915
0.0 0.0 67860
0.0 0.0 67865
nan nan 67870
nan nan 67875
nan nan 67880
nan nan 67885
nan nan 67890
nan nan 67895
nan nan 67900
nan nan 67905
nan nan 67910
nan nan 67915
nan nan 67920
nan nan 67925
nan nan 67930
nan nan 67935
nan nan 67940
nan nan 67945
nan nan 67950
nan nan 67955
nan nan 67960
nan nan 67965
nan nan 67970
nan nan 67975
nan nan 67980
nan nan 67985
nan nan 67990
nan nan 67995
nan nan 68000
nan nan 68005
nan nan 68010
nan nan 68015
nan nan 68020
nan nan 68025
nan nan 68030
nan nan 68035
nan nan 68040
nan nan 68045
nan nan 68050
nan nan 68055
nan nan 68060
nan nan 68065
1.329743271 103.708198907 68070
1.339380011 103.706488556 68075
1.339399485 103.706549235 68080
1.339399485 103.706549235 68085
1.339357461 103.706184518 68090
1.339332568 103.70623413 68095
1.339319069 103.706252655 68100
1.339319069 103.706252655 68105
1.339316405 103.706262025 68110
1.339323497 103.706260322 68115
1.339330845 103.70625202 68120
1.339330845 103.70625202 68125
1.339330024 103.706243504 68130
1.339337832 103.70623073 68135
1.339354271 103.706213698 68140
1.339354271 103.706213698 68145
1.339381959 103.706228815 68150
1.339400656 103.706235201 68155
1.339419148 103.706239459 68160
1.339419148 103.706239459 68165
1.339437435 103.706241588 68170
1.339455927 103.706245846 68175
1.339464557 103.706241588 68180
1.339464557 103.706241588 68185
1.339464146 103.70623733 68190
1.339454745 103.706224343 68195
1.33945454 103.706222214 68200
1.33945454 103.706222214 68205
1.339463991 103.706226472 68210
1.33946353 103.706230944 68215
1.33947216 103.706226686 68220
1.33947216 103.706226686 68225
1.33947175 103.706222428 68230
1.339490036 103.706224557 68235
1.339499282 103.706226686 68240
1.339499282 103.706226686 68245
1.339517724 103.706239673 68250
1.339536166 103.70625266 68255
1.339554453 103.706254789 68260
1.339554453 103.706254789 68265
1.33957274 103.706256918 68270
1.339582036 103.706250318 68275
1.339600684 103.706265434 68280
1.339600684 103.706265434 68285
1.339610135 103.706269692 68290
1.33961897 103.706267563 68295
1.339627806 103.706265434 68300
1.339627806 103.706265434 68305
1.339627395 103.706261176 68310
1.339636436 103.706261176 68315
1.339654517 103.706261176 68320
1.339654517 103.706261176 68325
1.339663558 103.706261176 68330
1.339672393 103.706259047 68335
1.339681384 103.706267776 68340
1.339681384 103.706267776 68345
1.339699876 103.706272034 68350
1.339709072 103.706282892 68355
1.339718163 103.706274163 68360
1.339718163 103.706274163 68365
1.339736449 103.706276292 68370
1.339745951 103.706271821 68375
1.339755708 103.706260749 68380
1.339755708 103.706260749 68385
1.33977379 103.706260749 68390
1.339792542 103.706295453 68395
1.339810468 103.706284595 68400
1.339810468 103.706284595 68405
1.33981992 103.706288853 68410
1.339838723 103.706314827 68415
1.339848435 103.706349531 68420
1.339848435 103.706349531 68426
1.339858197 103.706375505 68431
1.339868476 103.706425325 68436
1.339878393 103.706462158 68441
1.339878393 103.706462158 68446
1.339897352 103.706498991 68451
1.339907319 103.706527095 68456
1.339917031 103.706561799 68461
1.339917031 103.706561799 68466
1.339926638 103.706576915 68471
1.33993599 103.706598632 68476
1.33993625 103.706629078 68481
1.33993625 103.706629078 68486
1.339955159 103.706674641 68491
1.339965026 103.706720203 68496
1.339974689 103.706763637 68501
1.339974689 103.706763637 68506
1.339974844 103.706774495 68511
1.33998404 103.706785353 68516
1.339984401 103.706798341 68521
1.339984401 103.706798341 68526
1.340002638 103.706809199 68531
1.340011678 103.706809199 68536
1.340020925 103.706811328 68541
1.340020925 103.706811328 68546
1.340029915 103.706820058 68551
1.34002103 103.706830916 68556
1.340021185 103.706841774 68561
1.340021185 103.706841774 68566
1.340030226 103.706841774 68571
1.340039267 103.706841774 68576
1.340048513 103.706843903 68581
1.340048513 103.706843903 68586
1.340057554 103.706843903 68591
1.340057759 103.706846033 68596
1.340057709 103.706854762 68601
1.340057709 103.706854762 68606
1.340066956 103.706856891 68611
1.340076046 103.706848162 68616
1.340085293 103.706850291 68621
1.340085293 103.706850291 68626
1.340085243 103.70685902 68631
1.340085448 103.706861149 68636
1.340085398 103.706869878 68641
1.340085398 103.706869878 68646
1.340094644 103.706872008 68651
1.34010384 103.706882866 68656
1.340112881 103.706882866 68661
1.340112881 103.706882866 68666
1.340121922 103.706882866 68671
1.340130963 103.706882866 68676
1.340131118 103.706893724 68681
1.340131118 103.706893724 68686
1.340140109 103.706902454 68691
1.340140264 103.706913312 68696
1.34014946 103.706924171 68701
1.34014946 103.706924171 68706
1.340167492 103.7069329 68711
1.340176688 103.706943758 68716
1.340185884 103.706954617 68721
1.340185884 103.706954617 68726
1.34019503 103.706974205 68731
1.340195135 103.706993792 68736
1.340204331 103.707004651 68741
