0.0 0.0 33414
0.0 0.0 33420
0.0 0.0 33425
0.0 0.0 51865
nan nan 51870
nan nan 51875
nan nan 51880
nan nan 51885
nan nan 51890
nan nan 51895
nan nan 51900
nan nan 51905
nan nan 51910
nan nan 51915
nan nan 51920
nan nan 51925
nan nan 51930
nan nan 51935
nan nan 51940
nan nan 51945
nan nan 51950
nan nan 51955
nan nan 51960
nan nan 51965
nan nan 51970
nan nan 51975
nan nan 51980
nan nan 51985
nan nan 51990
nan nan 51995
nan nan 52000
nan nan 52005
nan nan 52010
nan nan 52015
nan nan 52020
nan nan 52025
nan nan 52030
nan nan 52035
nan nan 52040
nan nan 52045
nan nan 52050
nan nan 52055
nan nan 52060
nan nan 52065
nan nan 52070
nan nan 52075
nan nan 52080
nan nan 52085
nan nan 52090
nan nan 52095
nan nan 52100
nan nan 52105
nan nan 52110
nan nan 52115
nan nan 52120
nan nan 52125
nan nan 52130
nan nan 52135
nan nan 52140
nan nan 52145
nan nan 52150
nan nan 52155
nan nan 52160
nan nan 52165
nan nan 52170
nan nan 52175
nan nan 52180
nan nan 52185
nan nan 52190
nan nan 52195
nan nan 52200
nan nan 52205
nan nan 52210
nan nan 52215
nan nan 52220
nan nan 52225
nan nan 52230
nan nan 52235
nan nan 52240
nan nan 52245
nan nan 52250
nan nan 52255
nan nan 52260
nan nan 52265
nan nan 52270
nan nan 52275
nan nan 52280
nan nan 52285
nan nan 52290
nan nan 52295
nan nan 52300
nan nan 52305
nan nan 52310
nan nan 52315
nan nan 52320
nan nan 52325
nan nan 52330
nan nan 52335
nan nan 52340
nan nan 52345
nan nan 52350
nan nan 52355
nan nan 52360
nan nan 52365
nan nan 52370
1.338593332 103.710951714 52375
1.338593332 103.710951714 52380
1.338602328 103.710997491 52385
1.338475873 103.711128223 52390
1.339048244 103.711001147 52395
1.339048244 103.711001147 52400
1.338983144 103.710862105 52405
1.338991929 103.710868705 52410
1.338991879 103.710877434 52415
1.338991879 103.710877434 52420
1.338991879 103.710877434 52425
1.33900087 103.710886164 52430
1.339000615 103.710892764 52435
1.339000615 103.710892764 52440
1.339009606 103.710901493 52446
1.339018647 103.710901493 52451
1.339018392 103.710908093 52456
1.339018392 103.710908093 52461
1.339018342 103.710916822 52466
1.339018497 103.710927682 52471
1.339018497 103.710927682 52476
1.339018497 103.710927682 52481
1.339009406 103.710936411 52486
1.339009406 103.710936411 52491
1.33900057 103.710938541 52496
1.33900057 103.710938541 52501
1.339000315 103.710945141 52506
1.339000365 103.710936411 52511
1.339000365 103.710936411 52516
1.339000365 103.710936411 52521
1.338991374 103.710927682 52526
1.338991218 103.710916822 52531
1.338991268 103.710908093 52536
1.338991268 103.710908093 52541
1.338991163 103.710888504 52546
1.338991058 103.710868915 52551
1.338991003 103.710840597 52556
1.338991003 103.710840597 52561
1.338990743 103.710810149 52566
1.338990688 103.71078183 52571
1.338990633 103.710753512 52576
1.338990633 103.710753512 52581
1.338990578 103.710725194 52586
1.338990473 103.710705605 52591
1.338990417 103.710677286 52596
1.338990417 103.710677286 52601
1.338990312 103.710657698 52606
1.338990157 103.710646838 52611
1.338990207 103.710638109 52616
1.338990207 103.710638109 52621
1.338990052 103.71062725 52626
1.338981061 103.71061852 52631
1.338980906 103.710607661 52636
1.338980906 103.710607661 52641
1.338980751 103.710596802 52646
1.338980851 103.710579342 52651
1.338989737 103.710568483 52656
1.338989737 103.710568483 52661
1.338989787 103.710559754 52666
1.339007764 103.710540165 52671
1.339016855 103.710531435 52676
1.339016855 103.710531435 52681
1.339034832 103.710511847 52686
1.339052965 103.710503117 52691
1.339079933 103.710492258 52696
1.339079933 103.710492258 52701
1.339098065 103.710483528 52706
1.339116198 103.710474799 52711
1.339143116 103.710472669 52716
1.339143116 103.710472669 52721
1.339161248 103.71046394 52726
1.339188372 103.71046394 52731
1.339206504 103.71045521 52736
1.339206504 103.71045521 52741
1.339233422 103.71045308 52746
