1.336239011 103.709324609 48543
1.336220774 103.70931375 48552
1.336211733 103.70931375 48558
1.336211478 103.70932035 48564
1.336401352 103.709394446 48570
1.337007129 103.709542637 48576
1.337811761 103.709699557 48582
1.338661738 103.709756194 48588
1.339358461 103.709697216 48594
1.339629916 103.709810489 48600
1.339630156 103.710071954 48606
1.339440362 103.710211415 48612
1.33925981 103.710315959 48618
1.339250989 103.710429232 48624
1.339413734 103.71046628 48630
1.339422465 103.710444561 48636
1.339422204 103.710414113 48642
1.339403862 103.710383665 48648
1.339376533 103.710381536 48654
1.339322136 103.710407724 48660
1.339267889 103.710407724 48666
1.339249807 103.710407724 48672
1.33927708 103.710381536 48678
nan nan 48684
nan nan 48690
nan nan 48696
1.339403707 103.709993599 48702
