1.31149726 103.734113539 47673
1.31149726 103.734113539 47679
1.311488219 103.734113539 47685
1.311497059 103.734111405 47691
1.311488018 103.734111405 47697
1.311506101 103.734111405 47706
1.311524286 103.734130996 47712
1.311542368 103.734130996 47718
1.311560352 103.734148453 47724
1.311569144 103.734155048 47730
1.31156016 103.734220415 47736
1.311505654 103.734569165 47742
1.311396829 103.735157658 47748
1.311261228 103.735722098 47754
1.311089565 103.736306129 47760
1.310827441 103.736898888 47766
1.310474904 103.737491648 47773
1.310167251 103.737914493 47778
1.309706205 103.73839611 47784
1.309199497 103.73884514 47790
1.308657124 103.739280981 47796
1.308087578 103.73972555 47802
1.307545556 103.740174388 47808
1.307003431 103.740603636 47814
1.306443374 103.741043746 47820
1.305883116 103.741481722 47826
1.305349932 103.741928427 47832
1.304825945 103.742423042 47838
1.304364904 103.742978755 47844
1.303939881 103.743560653 47850
1.303623011 103.744203648 47856
1.3034054 103.744881555 47862
1.30330498 103.74558351 47868
1.303285931 103.746285465 47874
1.303339554 103.746926322 47880
1.303474949 103.74757145 47886
1.303700756 103.748216577 47892
1.304017224 103.748855111 47898
1.30441521 103.749467462 47904
1.304894808 103.749999125 47910
1.305365565 103.750532925 47916
1.305836274 103.751075453 47922
1.306325162 103.751600526 47928
1.306786425 103.752101736 47934
1.307238498 103.752629129 47940
1.307717847 103.753167386 47946
1.308188199 103.753659868 47952
1.308631628 103.754154487 47958
1.309210442 103.754803887 47966
1.309563356 103.755278914 47973
1.309888887 103.755686437 47979
1.310042811 103.755873812 47985
1.310088025 103.755947907 47991
1.310096866 103.75594577 47997
1.310105858 103.755954498 48003
1.31012394 103.755954498 48009
1.31012394 103.755954498 48015
1.310133031 103.75594577 48021
1.310132982 103.755954498 48027
1.310132982 103.755954498 48033
1.310132982 103.755954498 48039
1.310132982 103.755954498 48045
1.31019643 103.756039458 48051
1.31033207 103.756224696 48057
1.310431606 103.756512349 48063
1.310142369 103.756800002 48069
1.309627107 103.75716175 48075
1.309120534 103.757510496 48081
1.308559616 103.757876698 48087
1.308007694 103.758288675 48093
1.307473752 103.75868106 48099
1.307075666 103.758955711 48105
1.30684056 103.759112629 48111
1.306786268 103.759158404 48117
1.306767985 103.759156267 48123
1.306604804 103.759271863 48129
1.306315006 103.759470281 48135
1.305943791 103.759714475 48141
1.305500005 103.760039353 48147
1.304984342 103.760396826 48153
1.304224733 103.760913353 48162
1.303618808 103.76128169 48168
1.303175908 103.76148652 48174
1.302850283 103.761586797 48180
1.302778156 103.761625982 48186
1.30264235 103.761734987 48192
1.302253151 103.761961725 48198
1.301773836 103.762173144 48204
1.30124912 103.762419474 48210
1.300669663 103.76271603 48216
1.300045346 103.762988542 48222
1.299574975 103.763217416 48228
1.299493908 103.763276193 48234
1.299485018 103.763287059 48240
1.299485168 103.763297924 48246
1.299485168 103.763297924 48253
1.299485367 103.763300061 48258
1.299485367 103.763300061 48264
1.299485367 103.763300061 48270
1.299485367 103.763300061 48276
1.299431221 103.763319654 48282
1.299132821 103.763439524 48288
1.298653506 103.763650943 48294
1.298102064 103.763901548 48300
1.297414461 103.764211106 48307
1.296880654 103.764466162 48312
1.296220322 103.764749538 48318
1.29536134 103.765137467 48326
1.294746712 103.765444711 48333
1.293996321 103.765815186 48339
1.293336235 103.766091972 48345
1.292766319 103.766412395 48351
1.292304854 103.766778592 48357
1.292006275 103.76708156 48363
1.291897447 103.767216746 48369
1.291888062 103.76724079 48375
1.291878924 103.767258244 48381
1.291869834 103.767266971 48387
1.291869785 103.767275699 48393
1.291869587 103.76727356 48399
1.291869587 103.76727356 48405
1.291860299 103.767280149 48411
1.291860299 103.767280149 48417
1.291860299 103.767280149 48423
1.291860348 103.767271422 48429
1.291860348 103.767271422 48435
1.291860348 103.767271422 48441
1.291869389 103.767271422 48447
1.291869389 103.767271422 48453
1.291851258 103.767280149 48459
1.291679395 103.76748284 48465
1.291399057 103.767870768 48471
1.291100606 103.76845266 48477
1.290865408 103.769154421 48483
1.290621463 103.769840866 48489
1.290358988 103.770494714 48495
1.290114695 103.771168154 48501
1.289879396 103.771850321 48507
1.289662227 103.772523761 48513
1.289454249 103.773208067 48519
1.289218949 103.773890234 48525
1.288965566 103.774572401 48531
1.288712526 103.775230525 48537
1.288423122 103.775886511 48543
1.288142704 103.776477128 48549
1.287871319 103.776993651 48555
1.287690676 103.777337944 48561
1.287491699 103.777651776 48567
1.287157014 103.778057157 48573
1.286750101 103.778519178 48579
1.286279553 103.778968193 48585
1.285772788 103.779388887 48591
1.285248085 103.7797834 48597
1.284714734 103.780182193 48603
1.284163007 103.7805963 48609
1.283647 103.780977805 48615
1.283140135 103.781378904 48621
1.282624569 103.781755963 48627
1.2821178 103.782139607 48633
1.281611176 103.782497072 48639
1.281095462 103.782863263 48645
1.280553117 103.783253329 48651
1.279974214 103.783639114 48657
1.279467693 103.784053219 48663
1.27906073 103.784523966 48669
1.278771698 103.784998994 48675
1.278618075 103.785323693 48681
1.278609337 103.785419522 48687
1.278618674 103.785441257 48693
1.278637149 103.78544554 48699
1.278646386 103.785447681 48705
1.278655576 103.785458548 48711
1.278673462 103.785456407 48717
1.278700387 103.785417219 48723
1.278691349 103.785454266 48729
1.278565002 103.78582688 48735
1.278384524 103.786404325 48741
1.278195009 103.787018817 48747
1.277987458 103.787624583 48753
1.277797876 103.788062566 48759
