1.339260546 103.71045308 52751
1.339278628 103.71045308 52759
1.339278628 103.71045308 52764
1.339305751 103.71045308 52769
1.339332875 103.71045308 52774
1.339359998 103.71045308 52779
1.339359998 103.71045308 52784
1.339387172 103.710444351 52789
1.33941409 103.710442221 52794
1.339441263 103.710433491 52799
1.339441263 103.710433491 52804
1.339459396 103.710424762 52809
1.339477578 103.710407303 52814
1.339495505 103.710396444 52819
1.339495505 103.710396444 52824
1.339522679 103.710387714 52829
1.339540811 103.710378985 52834
1.339567729 103.710376855 52839
1.339567729 103.710376855 52844
1.339585862 103.710368125 52849
1.339603944 103.710368125 52854
1.339621871 103.710357266 52859
1.339621871 103.710357266 52864
1.339640053 103.710339807 52869
1.339648989 103.710320218 52874
1.33964909 103.710302759 52879
1.33964909 103.710302759 52884
1.339658076 103.710274441 52889
1.339667267 103.710248252 52894
1.339667212 103.710219934 52899
1.339667212 103.710219934 52904
1.339676198 103.710191616 52909
1.339676298 103.710174157 52914
1.339676243 103.710145838 52919
1.339676243 103.710145838 52924
1.339685335 103.710137109 52929
1.339685229 103.71011752 52934
1.339694321 103.710108791 52939
1.339694321 103.710108791 52944
1.339694371 103.710100061 52949
1.339703462 103.710091332 52954
1.339703257 103.710089202 52959
1.339703257 103.710089202 52964
1.339703307 103.710080472 52969
1.339694366 103.710063013 52974
1.339694416 103.710054284 52979
1.339694416 103.710054284 52984
1.339685219 103.710043424 52989
1.339676178 103.710043424 52994
1.339658146 103.710034695 52999
1.339658146 103.710034695 53004
1.339640114 103.710025965 53009
1.339621876 103.710015106 53014
1.339594803 103.710006377 53019
1.339594803 103.710006377 53024
1.33956773 103.709997647 53029
1.339540606 103.709997647 53034
1.339504236 103.709995517 53039
1.339504236 103.709995517 53044
1.339468072 103.709995517 53049
1.339422866 103.709995517 53054
1.33937766 103.709995517 53059
1.33937766 103.709995517 53064
1.339332249 103.709993388 53069
1.339278002 103.709993388 53074
1.339223806 103.709984658 53079
1.339223806 103.709984658 53084
1.339169353 103.709982529 53089
1.339097074 103.709973799 53094
1.33902459 103.70996294 53099
1.33902459 103.70996294 53104
1.338934229 103.70995421 53109
1.33882558 103.709943351 53114
1.338699054 103.709934622 53119
1.338699054 103.709934622 53124
1.338581314 103.709932492 53129
1.338445541 103.709921633 53134
1.33831886 103.709902044 53139
1.33831886 103.709902044 53144
1.338192129 103.709891185 53149
1.338065448 103.709871596 53154
1.337938922 103.709862867 53159
1.337938922 103.709862867 53164
1.337821232 103.709852008 53169
1.337703592 103.709832419 53174
1.337595148 103.709823689 53179
1.337595148 103.709823689 53184
1.337495541 103.70981283 53189
1.337405179 103.709804101 53194
1.337323859 103.709795371 53199
1.337323859 103.709795371 53204
1.337251685 103.70980623 53209
1.337188347 103.70981496 53214
1.337134205 103.709834548 53219
1.337134205 103.709834548 53224
1.337080063 103.709854137 53229
1.337025821 103.709891185 53234
1.336989661 103.709928233 53239
1.336989661 103.709928233 53244
1.336953556 103.709993599 53249
1.336917452 103.710058965 53254
1.336890493 103.71014392 53259
1.336890493 103.71014392 53264
1.336854288 103.710226745 53269
1.336818239 103.710320429 53274
1.336782189 103.710414113 53279
1.336782189 103.710414113 53284
1.336745884 103.710514398 53289
1.336709834 103.710608082 53294
1.336673685 103.710719225 53299
1.336673685 103.710719225 53304
1.33663733 103.710828239 53309
1.33660118 103.710939382 53314
1.33656503 103.711050526 53319
1.33656503 103.711050526 53324
1.33652883 103.711170399 53329
1.336483689 103.711272813 53334
1.336447539 103.711383956 53339
1.336447539 103.711383956 53344
1.33641139 103.711495099 53349
1.336366249 103.711597513 53354
1.336330099 103.711708657 53359
1.336330099 103.711708657 53364
1.336284908 103.7118198 53369
1.336248808 103.711922214 53375
1.336212503 103.712022498 53380
1.336212503 103.712022498 53385
1.336167362 103.712124912 53390
1.336140253 103.712236055 53395
1.336113145 103.712347199 53400
1.336113145 103.712347199 53405
1.336095027 103.712467072 53410
1.336094992 103.712586945 53415
1.336085915 103.712706817 53420
1.336085915 103.712706817 53425
1.33608593 103.712817961 53430
1.336095036 103.712920375 53435
1.336094846 103.713029388 53440
1.336094846 103.713029388 53445
1.336112893 103.713149261 53450
1.336139981 103.713269134 53455
1.336158028 103.713389007 53460
1.336158028 103.713389007 53465
1.336194157 103.713508879 53470
1.336230237 103.713637482 53475
1.336266366 103.713757354 53480
1.336266366 103.713757354 53485
1.336293454 103.713877227 53490
1.336329429 103.71398624 53495
1.336365558 103.714106113 53500
1.336365558 103.714106113 53505
1.336401482 103.714223856 53510
1.336437662 103.714334999 53515
1.336464595 103.714444012 53520
1.336464595 103.714444012 53525
1.336491733 103.714555155 53530
1.336518766 103.71464671 53535
1.336545799 103.714738264 53540
1.336545799 103.714738264 53545
1.336572832 103.714829818 53550
1.336599866 103.714921372 53555
1.33663589 103.715021656 53560
1.33663589 103.715021656 53565
1.336653832 103.71512194 53570
1.336690011 103.715233083 53575
1.336716994 103.715333366 53580
1.336716994 103.715333366 53585
1.336744132 103.71544451 53590
1.336771065 103.715553523 53595
1.336798203 103.715664666 53600
1.336798203 103.715664666 53605
1.336825341 103.715775809 53610
1.336852325 103.715876093 53615
1.336870421 103.715987236 53620
1.336870421 103.715987236 53625
1.336897354 103.716096249 53630
1.336933534 103.716207392 53635
1.336960517 103.716307675 53640
1.336960517 103.716307675 53645
1.336996696 103.716418818 53650
