0.0 0.0 59196
1.304832924 103.741869803 59201
1.305685277 103.741276476 59210
1.306112841 103.74107321 60860
1.306592687 103.74072873 60866
1.306972731 103.740408301 60872
1.307389235 103.740035501 60878
1.307913526 103.739599661 60884
1.308501457 103.739176817 60890
1.309053218 103.738716925 60896
1.309604427 103.738241904 60902
1.310065115 103.737710244 60908
1.310408972 103.737204577 60914
1.310653871 103.736648672 60920
1.310808952 103.736025073 60926
1.310908933 103.735401667 60932
1.310990902 103.734954769 60938
1.311018499 103.734719294 60944
1.311018892 103.734649465 60950
1.311010199 103.734625413 60956
1.311019339 103.734607956 60962
1.311019388 103.734599228 60968
1.311019084 103.734577504 60974
1.311055397 103.734551318 60980
1.311055245 103.734540456 60986
1.311063786 103.734553647 60992
nan nan 60998
1.311107741 103.734586622 61004
1.311107589 103.734575761 61010
1.311089458 103.734584489 61016
1.311080367 103.734593218 61022
1.311080868 103.734580027 61028
1.311071826 103.734580027 61034
1.311045091 103.734473152 61040
1.311090708 103.734135262 61046
1.311199547 103.733657912 61052
1.311326709 103.73309987 61058
1.311444919 103.732450276 61064
1.311572621 103.731796218 61070
1.311737392 103.731133233 61076
1.311901456 103.730444258 61082
1.312047831 103.729685452 61088
1.312167583 103.72891345 61094
1.312287537 103.728143579 61100
1.312434109 103.72734985 61106
1.312579568 103.72648882 61112
1.312743114 103.725664837 61118
1.312916309 103.724884297 61124
1.313107087 103.724116949 61130
1.31334202 103.723384719 61136
1.31349443 103.722705066 61142
1.313628502 103.721994965 61148
1.313753847 103.721380681 61154
1.31386263 103.720875003 61160
1.313936064 103.720451946 61166
1.314037659 103.719882623 61175
1.314112229 103.719295839 61181
1.314240286 103.718654753 61187
1.31429585 103.717928708 61193
1.314269078 103.717146231 61199
1.314249937 103.716348839 61205
1.314231095 103.715536121 61211
1.314167204 103.714771311 61217
1.314104123 103.71405207 61223
1.314032811 103.713378398 61229
1.313979282 103.712720054 61235
1.313907777 103.712118347 61241
1.313863372 103.711710608 61247
1.313845717 103.711520898 61253
1.313828278 103.711444462 61259
1.313828858 103.711265611 61265
1.313801897 103.710971356 61271
1.313774734 103.710674971 61277
1.313612053 103.710398175 61283
1.313458614 103.710123508 61289
1.313512622 103.709824994 61295
1.313720501 103.709648483 61301
1.313963818 103.709677012 61307
1.314198103 103.709779638 61313
1.314631235 103.709779849 61319
1.31527241 103.709725553 61325
1.315976382 103.709758553 61331
1.316735063 103.709861178 61337
1.317366972 103.71003577 61343
1.317854317 103.710192902 61349
1.318152286 103.710262739 61355
1.318459548 103.710325975 61363
1.318902691 103.710456708 61370
1.319345271 103.710535274 61376
1.319895172 103.710518236 61382
1.320308944 103.71047735 61388
1.320470062 103.710423264 61394
1.320504657 103.710397497 61400
1.320503442 103.710384719 61406
1.320502785 103.710387059 61412
1.320511421 103.7103828 61418
1.32052026 103.71038067 61424
1.320520058 103.710378541 61430
1.320737092 103.710332763 61437
1.32107181 103.710260798 61442
1.321641393 103.710149655 61449
1.322121172 103.710044901 61454
1.322736817 103.709896499 61460
1.323360795 103.709759168 61466
1.324038818 103.709619707 61472
1.324925131 103.709382091 61481
1.325603961 103.7092141 61487
1.326047218 103.709096357 61493
1.326246423 103.70904398 61499
1.326318648 103.709024391 61505
1.32658063 103.708948166 61511
1.32704202 103.708821693 61517
1.327748228 103.708647102 61525
1.328354679 103.70848784 61532
1.329142105 103.708302389 61538
1.329911155 103.708206364 61544
1.33070698 103.708171445 61550
1.331466347 103.708225952 61556
1.332216377 103.708369885 61562
1.33296703 103.708594301 61568
1.333754606 103.708761869 61574
1.334442889 103.708977344 61580
1.335067315 103.709140654 61586
1.335519289 103.709269257 61592
1.335627484 103.709321634 61598
1.335654048 103.709343564 61606
1.335699204 103.709352293 61613
1.336115318 103.709465566 61619
1.336703469 103.70957224 61625
1.33736375 103.709713831 61631
1.338322894 103.709805175 61639
1.338830121 103.709796234 61646
1.339291727 103.709745986 61652
1.339626296 103.709700209 61659
1.339698575 103.709708938 61664
1.339698164 103.709704679 61670
1.339716066 103.709887789 61676
1.339661227 103.71006664 61682
1.3395343 103.710127747 61688
1.339362263 103.710134347 61694
1.339199066 103.710175865 61700
1.338990608 103.710189064 61706
1.338791448 103.710195664 61712
1.338646429 103.710182675 61718
1.338555717 103.710235053 61724
1.338519457 103.71028956 61730
1.33850992 103.710413903 61736
1.338500388 103.710575294 61742
1.338490841 103.710625541 61748
1.338508873 103.71063427 61754
1.338499577 103.71064087 61760
1.338499677 103.710623411 61766
nan nan 61772
1.338526956 103.71063427 61778
1.338544938 103.710651729 61784
1.338598374 103.710717306 61790
1.338614633 103.710883377 61796
1.33873017 103.710890397 61802
1.338773318 103.710832052 61808
1.338781643 103.710843122 61814
1.338772042 103.710865051 61820
1.338807545 103.710904438 61826
1.338779916 103.710954685 61832
1.33873453 103.711137793 61838
1.338716873 103.711253195 61844
1.338735611 103.71117676 61850
1.338745103 103.711098195 61856
1.338746275 103.711045608 61862
1.338793117 103.711025599 61868
1.338812276 103.711027518 61874
1.338786069 103.710981531 61880
1.338777549 103.711042427 61886
1.338759782 103.711101193 61892
1.338678512 103.711083734 61898
1.338687763 103.711122912 61904
1.338669826 103.711059676 61910
1.338687999 103.710968121 61916
1.338706176 103.710913615 61925
1.338742491 103.710887426 61931
1.338751427 103.710867837 61937
