nan nan 65860
nan nan 65868
nan nan 65874
nan nan 71197
nan nan 71203
nan nan 71209
nan nan 71215
nan nan 71222
nan nan 71227
nan nan 71233
nan nan 71240
nan nan 71245
nan nan 71251
nan nan 71257
nan nan 71263
nan nan 71270
nan nan 71276
nan nan 71282
nan nan 71288
nan nan 71294
nan nan 71300
nan nan 71306
nan nan 71312
nan nan 71318
nan nan 71324
nan nan 71330
nan nan 71336
nan nan 71342
nan nan 71348
nan nan 71354
nan nan 71360
nan nan 71366
nan nan 71372
nan nan 71378
nan nan 71384
nan nan 71390
nan nan 71396
nan nan 71402
nan nan 71408
nan nan 71414
nan nan 71420
nan nan 71426
nan nan 71432
nan nan 71438
nan nan 71444
nan nan 71450
nan nan 71456
nan nan 71462
nan nan 71468
nan nan 71474
nan nan 71480
nan nan 71486
nan nan 71492
nan nan 71498
nan nan 71504
nan nan 71510
nan nan 71516
nan nan 71522
nan nan 71528
nan nan 71534
nan nan 71540
nan nan 71546
nan nan 71552
nan nan 71558
nan nan 71564
nan nan 71570
nan nan 71576
nan nan 71582
nan nan 71588
nan nan 71594
nan nan 71600
nan nan 71606
nan nan 71612
nan nan 71618
nan nan 71624
nan nan 71630
nan nan 71636
nan nan 71642
nan nan 71648
nan nan 71654
nan nan 71660
nan nan 71666
nan nan 71672
nan nan 71678
nan nan 71686
nan nan 71693
nan nan 71699
nan nan 71705
nan nan 71713
nan nan 71720
nan nan 71726
nan nan 71732
nan nan 71738
nan nan 71744
nan nan 71750
nan nan 71756
nan nan 71762
nan nan 71768
nan nan 71775
nan nan 71782
nan nan 71789
nan nan 71795
nan nan 71801
nan nan 71807
nan nan 71813
nan nan 71819
nan nan 71825
nan nan 71831
nan nan 71837
nan nan 71842
nan nan 71848
nan nan 71855
nan nan 71861
nan nan 71867
nan nan 71873
nan nan 71879
nan nan 71885
nan nan 71892
nan nan 71899
nan nan 71906
nan nan 71912
nan nan 71917
nan nan 71924
nan nan 71930
nan nan 71936
nan nan 71942
nan nan 71948
1.341239158 103.70694248 71954
1.341157638 103.706968669 71961
1.340887602 103.706665475 71967
1.340819065 103.706555612 71972
1.340823382 103.70654369 71978
1.340848409 103.706605223 71984
1.340842663 103.706676336 71990
1.34085556 103.706725519 71996
1.34082269 103.706796632 72002
1.340553218 103.706907349 72008
1.340111674 103.707144539 72014
1.339832612 103.707388329 72020
1.339924557 103.707727934 72028
1.340097215 103.708143976 72035
1.340169954 103.708527441 72041
1.340197403 103.708660302 72047
1.340261112 103.708738657 72053
1.340333912 103.708808281 72059
1.340460723 103.709032697 72065
1.340614893 103.70948153 72071
1.34078705 103.709984869 72077
1.340977344 103.710516527 72083
1.341185881 103.711096093 72089
1.341357988 103.711608163 72095
1.34149386 103.711980771 72101
1.341557268 103.712111503 72107
1.341539195 103.712185599 72113
1.341557237 103.712268424 72119
1.341611444 103.712351249 72125
1.341638617 103.71234252 72131
1.341656594 103.712322931 72137
1.34167438 103.712412356 72143
1.341764776 103.71268042 72149
1.341927736 103.713172901 72155
1.34217182 103.713746078 72161
1.342406998 103.714181923 72167
1.342433935 103.714327984 72173
1.342451766 103.714371631 72179
1.342469708 103.714471914 72185
1.342496705 103.714683342 72191
1.342559731 103.7150321 72197
1.342695557 103.715450486 72203
1.342813171 103.715664044 72209
1.342840601 103.715648716 72215
1.342858733 103.715639986 72221
1.342841008 103.715615929 72227
1.342832273 103.715600601 72233
1.342823488 103.715594002 72239
1.342823694 103.715596132 72245
1.342832745 103.715670228 72251
1.342859983 103.715763913 72257
1.342841851 103.715772643 72263
1.342832604 103.715770512 72269
