0.0 0.0 33379
0.0 0.0 33385
0.0 0.0 33390
0.0 0.0 44388
nan nan 44393
nan nan 44398
nan nan 44403
nan nan 44408
nan nan 44413
nan nan 44418
nan nan 44423
nan nan 44428
nan nan 44433
nan nan 44438
nan nan 44443
nan nan 44448
nan nan 44453
nan nan 44458
nan nan 44463
nan nan 44468
nan nan 44473
nan nan 44478
nan nan 44483
nan nan 44488
nan nan 44493
nan nan 44498
nan nan 44503
nan nan 44508
nan nan 44513
nan nan 44518
nan nan 44523
nan nan 44528
nan nan 44533
nan nan 44539
nan nan 44544
nan nan 44549
nan nan 44554
nan nan 44559
nan nan 44564
nan nan 44569
nan nan 44574
nan nan 44579
nan nan 44584
nan nan 44589
nan nan 44594
nan nan 44599
nan nan 44604
nan nan 44609
nan nan 44614
nan nan 44619
nan nan 44624
nan nan 44629
nan nan 44634
nan nan 44639
nan nan 44644
nan nan 44649
nan nan 44654
nan nan 44659
nan nan 44664
nan nan 44669
nan nan 44674
nan nan 44679
nan nan 44684
nan nan 44689
nan nan 44694
nan nan 44699
nan nan 44704
1.338569769 103.710791772 44709
1.338464225 103.710618893 44714
1.338211511 103.709459372 44719
1.338211511 103.709459372 44724
1.337992571 103.707518002 44729
1.337887479 103.706924382 44734
1.337789211 103.706603724 44739
1.337789211 103.706603724 44744
1.337684383 103.706456807 44749
1.337534468 103.706440624 44754
1.337410191 103.706418266 44759
1.337410191 103.706418266 44764
1.337285043 103.706396122 44769
1.337136932 103.706240052 44774
1.337018105 103.70616191 44779
1.337018105 103.70616191 44784
1.336915871 103.706040547 44789
1.336808705 103.706035862 44794
1.336710531 103.706039907 44799
1.336710531 103.706039907 44804
1.336620988 103.706039693 44809
1.336549372 103.706028621 44814
1.336486748 103.706026278 44819
1.336486748 103.706026278 44824
1.336442051 103.706013077 44829
1.336406091 103.706015206 44834
1.336388468 103.706010734 44839
1.336388468 103.706010734 44844
1.336388878 103.706014992 44849
1.336389083 103.706017121 44854
1.336389443 103.706030109 44859
1.336389443 103.706030109 44864
1.336380401 103.706030109 44869
1.336380606 103.706032238 44874
1.336380556 103.706040968 44879
1.336380556 103.706040968 44884
1.336380761 103.706043097 44889
1.336380916 103.706053956 44894
1.336381071 103.706064815 44899
1.336381071 103.706064815 44904
1.336381021 103.706073545 44909
1.336372135 103.706084404 44914
1.33637224 103.706103993 44919
1.33637224 103.706103993 44924
1.336372445 103.706106122 44929
1.3363726 103.706116981 44934
1.336363558 103.706116981 44939
1.336363558 103.706116981 44944
1.336363718 103.706164888 44949
1.336355092 103.706206195 44954
1.336356586 103.706286466 44959
1.336356586 103.706286466 44964
1.33635875 103.706401443 44969
1.336342777 103.706488102 44974
1.336326343 103.706579232 44979
1.336326343 103.706579232 44984
1.336300044 103.706624798 44989
1.33624554 103.706631398 44994
1.336200233 103.706648858 44999
1.336200233 103.706648858 45004
1.336146705 103.706674835 45009
1.336074579 103.706676964 45014
1.335993411 103.706679093 45019
1.335993411 103.706679093 45024
1.335911833 103.706676964 45029
1.335830766 103.706661633 45034
1.335731155 103.706650774 45039
1.335731155 103.706650774 45044
1.33563129 103.706646516 45049
1.33553209 103.706639915 45054
1.335424307 103.706628843 45059
1.335424307 103.706628843 45064
1.335307129 103.706641831 45069
1.335190819 103.706654606 45074
1.335074049 103.706671853 45079
1.335074049 103.706671853 45084
1.33495702 103.706658652 45089
1.334831154 103.706647579 45094
1.334704674 103.70663012 45099
1.334704674 103.70663012 45104
1.334568284 103.706612873 45109
1.33442377 103.706586683 45114
1.334279207 103.706569223 45119
1.334279207 103.706569223 45124
1.334143022 103.706554106 45129
1.334007805 103.706521315 45134
1.333872537 103.706497255 45139
1.333872537 103.706497255 45144
1.333728229 103.706473194 45149
1.333592961 103.706449134 45154
1.333457489 103.706422944 45159
1.333457489 103.706422944 45164
1.333322067 103.706388024 45169
1.333177553 103.706361835 45174
1.333033089 103.706326915 45179
1.333033089 103.706326915 45184
1.332897617 103.706300725 45189
1.332753153 103.706265805 45194
1.332617631 103.706248345 45199
1.332617631 103.706248345 45204
1.332482159 103.706222156 45209
1.332337954 103.706217684 45214
1.332193848 103.706195752 45219
1.332193848 103.706195752 45224
1.332039834 103.706174034 45229
1.331895116 103.706145715 45234
1.331741561 103.706119525 45239
1.331741561 103.706119525 45244
1.331596892 103.706082477 45249
1.331443491 103.706067146 45254
1.331298977 103.706040956 45259
1.331298977 103.706040956 45264
1.331145117 103.706030097 45270
