1.292330265 103.862853204 41249
1.292330265 103.862853204 41257
1.292330265 103.862853204 41262
1.292330265 103.862853204 41267
1.292330265 103.862853204 41272
1.292330265 103.862853204 41277
1.292330265 103.862853204 41282
1.292330265 103.862853204 41287
1.292330265 103.862853204 41292
1.292330265 103.862853204 41297
1.292330265 103.862853204 41302
1.292330265 103.862853204 41307
1.292330265 103.862853204 41312
1.292330265 103.862853204 41317
1.292330265 103.862853204 41322
1.292330265 103.862853204 41327
1.292330265 103.862853204 41332
1.292330265 103.862853204 41337
1.292330265 103.862853204 41342
1.292330265 103.862853204 41347
1.292330265 103.862853204 41352
1.292330265 103.862853204 41357
1.292330265 103.862853204 41362
1.292330265 103.862853204 41367
1.292330265 103.862853204 41372
1.292330265 103.862853204 41377
1.292330265 103.862853204 41382
1.292330265 103.862853204 41387
1.292330265 103.862853204 41392
1.292330265 103.862853204 41397
1.292330265 103.862853204 41402
1.292330265 103.862853204 41407
1.292330265 103.862853204 41412
1.292330265 103.862853204 41417
1.292330265 103.862853204 41422
1.292330265 103.862853204 41427
1.292330265 103.862853204 41432
1.292330265 103.862853204 41437
1.292330265 103.862853204 41442
1.292330265 103.862853204 41447
1.292330265 103.862853204 41452
1.292330265 103.862853204 41457
1.292330265 103.862853204 41462
1.292330265 103.862853204 41467
1.292330265 103.862853204 41473
1.292330265 103.862853204 41478
1.292330265 103.862853204 41483
1.292330265 103.862853204 41488
1.292330265 103.862853204 41493
1.292330265 103.862853204 41498
1.292330265 103.862853204 41503
1.292330265 103.862853204 41508
1.292330265 103.862853204 41513
1.292330265 103.862853204 41518
1.292330265 103.862853204 41523
1.292330265 103.862853204 41528
1.292330265 103.862853204 41533
1.292330265 103.862853204 41538
1.292330265 103.862853204 41543
1.292330265 103.862853204 41548
1.292330265 103.862853204 41553
1.292330265 103.862853204 41558
1.292330265 103.862853204 41563
1.292330265 103.862853204 41568
1.292330116 103.862842328 41573
1.292330116 103.862842328 41578
1.292330116 103.862842328 41583
1.292330116 103.862842328 41588
1.292330116 103.862842328 41593
1.292330116 103.862842328 41598
1.292330116 103.862842328 41603
1.292330116 103.862842328 41608
1.292330116 103.862842328 41613
1.292330116 103.862842328 41618
1.292330116 103.862842328 41623
1.292329918 103.862840175 41628
1.292339008 103.862831451 41633
1.292339008 103.862831451 41638
1.292339008 103.862831451 41643
1.292339008 103.862831451 41648
1.292339008 103.862831451 41653
1.292339008 103.862831451 41658
1.292339008 103.862831451 41663
1.292339008 103.862831451 41668
1.292339008 103.862831451 41673
1.292339008 103.862831451 41678
1.292339008 103.862831451 41683
1.292339008 103.862831451 41688
1.292339008 103.862831451 41693
1.292339008 103.862831451 41698
1.292339008 103.862831451 41703
1.292339008 103.862831451 41708
1.29233881 103.862829298 41713
1.29233881 103.862829298 41718
1.29233881 103.862829298 41723
1.29233881 103.862829298 41728
1.29233881 103.862829298 41733
1.29233881 103.862829298 41738
1.29233881 103.862829298 41743
1.29233881 103.862829298 41748
1.29233881 103.862829298 41753
1.29233881 103.862829298 41758
1.29233881 103.862829298 41763
1.29233881 103.862829298 41768
1.292339008 103.862831451 41773
1.292339008 103.862831451 41778
1.292339008 103.862831451 41783
1.292339008 103.862831451 41788
1.292339008 103.862831451 41793
1.292339008 103.862831451 41798
1.292339008 103.862831451 41803
1.292339008 103.862831451 41808
1.292339008 103.862831451 41813
1.292339008 103.862831451 41818
1.292339008 103.862831451 41823
1.292339008 103.862831451 41828
1.292339008 103.862831451 41833
1.292339008 103.862831451 41838
1.292339057 103.862822727 41843
1.292339057 103.862822727 41848
1.292339057 103.862822727 41853
1.292339057 103.862822727 41858
1.292339057 103.862822727 41863
1.292339057 103.862822727 41868
1.292339057 103.862822727 41873
1.292339057 103.862822727 41878
1.292339057 103.862822727 41883
1.292330015 103.862822727 41888
1.292330015 103.862822727 41893
1.292330015 103.862822727 41898
1.292330015 103.862822727 41903
1.292330015 103.862822727 41908
1.292330015 103.862822727 41913
1.292330015 103.862822727 41918
1.292330015 103.862822727 41923
1.292330015 103.862822727 41928
1.292330015 103.862822727 41933
1.292330015 103.862822727 41938
1.292330015 103.862822727 41943
1.292330015 103.862822727 41948
1.292330015 103.862822727 41953
1.292330015 103.862822727 41958
1.292330015 103.862822727 41963
1.292320974 103.862822727 41968
1.292320974 103.862822727 41973
1.292320974 103.862822727 41978
1.292320974 103.862822727 41983
1.292320974 103.862822727 41988
1.292320974 103.862822727 41993
1.292320974 103.862822727 41998
1.292320974 103.862822727 42003
1.292321172 103.86282488 42008
1.292321172 103.86282488 42013
1.292321172 103.86282488 42018
1.292321172 103.86282488 42023
1.292321172 103.86282488 42028
1.292321172 103.86282488 42033
1.292321172 103.86282488 42038
1.292312329 103.862827033 42043
1.29232137 103.862827033 42048
1.292321321 103.862835757 42053
1.292321321 103.862835757 42058
1.292321272 103.86284448 42063
1.292321272 103.86284448 42068
1.292321422 103.862855357 42073
1.292321422 103.862855357 42078
1.292321373 103.862864081 42083
1.292321571 103.862866234 42088
1.292321571 103.862866234 42093
1.292321571 103.862866234 42098
1.29232172 103.86287711 42103
1.29232172 103.86287711 42108
1.29232172 103.86287711 42113
1.29232172 103.86287711 42118
1.292330761 103.86287711 42123
1.292330761 103.86287711 42128
1.292339802 103.86287711 42133
1.292339802 103.86287711 42138
1.292339802 103.86287711 42143
1.292348795 103.862885834 42148
