nan nan 44075
nan nan 44082
nan nan 44088
nan nan 65334
nan nan 65340
nan nan 65346
nan nan 65352
nan nan 65358
nan nan 65364
nan nan 65370
nan nan 65376
nan nan 65382
nan nan 65388
1.336561334 103.709859375 65394
1.336601951 103.709877908 65400
1.336528901 103.709614356 65406
1.336493651 103.709568368 65412
1.336494206 103.709509392 65418
1.336511314 103.709490015 65424
1.336582927 103.709501085 65430
1.33661133 103.709505133 65435
1.336638148 103.709520462 65441
1.336674007 103.709535791 65447
1.336745876 103.709540262 65453
1.336800022 103.709557721 65459
1.336863259 103.70956645 65465
1.336944733 103.709586038 65471
1.337007871 103.709612227 65477
1.337061912 103.709610097 65483
1.337118303 103.709576887 65489
1.337166524 103.709543465 65495
1.337232262 103.709494924 65501
1.337270162 103.709457454 65507
1.337343566 103.709459372 65513
1.337462125 103.70947002 65519
1.337553917 103.709456609 65525
1.337645354 103.709467257 65531
1.337745626 103.709475775 65537
1.337836653 103.709482164 65543
1.337918684 103.709442775 65549
1.337973436 103.709392527 65555
1.338027983 103.70934015 65561
1.33804616 103.709285643 65567
1.338064083 103.709237736 65573
1.33808231 103.7091745 65579
1.338091341 103.709100404 65585
1.338109569 103.709037168 65591
1.3381186 103.708963073 65597
1.33811859 103.708888977 65603
1.338109439 103.708832341 65609
1.338082515 103.708797422 65615
1.338019533 103.708782093 65621
1.337974682 103.708758033 65627
1.337920636 103.708723115 65633
1.337857653 103.708707785 65639
1.33779431 103.708679467 65645
1.337722181 103.708644549 65651
1.337650002 103.70861836 65657
1.337586864 103.708592171 65663
1.337514529 103.708555124 65669
1.337424113 103.708518076 65677
1.337351679 103.708498487 65683
1.337234189 103.70845271 65692
1.337152968 103.708426521 65698
1.337080839 103.708391603 65705
1.336981586 103.708356684 65711
1.336909202 103.708328366 65717
1.336836973 103.708310907 65723
1.336765049 103.708278118 65729
1.336701705 103.7082498 65735
1.336611394 103.70823234 65741
1.336548206 103.708214881 65747
1.33646678 103.708186563 65753
1.336394551 103.708169104 65759
1.336358231 103.708158245 65765
1.336340044 103.708138656 65771
1.336276651 103.708119067 65777
1.336213103 103.70808862 65784
1.336167587 103.708066902 65789
1.33611344 103.708049443 65795
1.336068179 103.708021125 65801
1.336022868 103.708001536 65807
1.335968467 103.707990677 65813
1.335914115 103.707971088 65819
1.33584173 103.70794277 65825
1.335742018 103.707912323 65834
1.335678675 103.707884005 65840
1.335606445 103.707866545 65846
1.335534061 103.707838227 65852
1.335470718 103.707809909 65858
1.335389497 103.70778372 65864
1.335317063 103.707764132 65870
1.335235638 103.707735814 65876
1.335181186 103.707733684 65882
1.335126934 103.707696636 65888
1.335072787 103.707679177 65894
1.335009494 103.707642129 65900
1.334955651 103.70760934 65906
1.334892563 103.707574422 65912
1.33482922 103.707546104 65918
1.334784164 103.707519915 65924
1.334729812 103.707500326 65930
1.334693387 103.707469879 65936
1.334657063 103.707421972 65942
1.334611338 103.707361077 65948
1.334629001 103.707282723 65954
1.334664796 103.70719564 65960
1.334718579 103.707163063 65966
1.334763331 103.707204582 65972
1.334799091 103.707237371 65979
1.334834796 103.707241843 65984
1.334888839 103.707239713 65991
1.334888988 103.707213525 65996
1.334861605 103.707183077 66004
1.334861446 103.707135171 66010
