1.271107303 103.662384552 56598
1.271107303 103.662384552 56606
1.271107303 103.662384552 56611
1.271107303 103.662384552 56616
1.271107303 103.662384552 56621
1.271107303 103.662384552 56626
1.271107303 103.662384552 56631
1.271107303 103.662384552 56636
1.271107303 103.662384552 56641
1.271107303 103.662384552 56646
1.271107303 103.662384552 56651
1.271107303 103.662384552 56656
1.271107303 103.662384552 56661
1.271107303 103.662384552 56666
1.271107303 103.662384552 56671
1.271107303 103.662384552 56676
1.271107303 103.662384552 56681
1.271107303 103.662384552 56686
1.271107303 103.662384552 56691
1.271107303 103.662384552 56696
1.271107303 103.662384552 56701
1.271107303 103.662384552 56706
1.271107303 103.662384552 56711
1.271107303 103.662384552 56716
1.271107303 103.662384552 56721
1.271107303 103.662384552 56726
1.271107303 103.662384552 56731
1.271107303 103.662384552 56736
1.271107303 103.662384552 56741
1.271107303 103.662384552 56746
1.271107303 103.662384552 56751
1.271107303 103.662384552 56756
1.271107303 103.662384552 56761
1.271107303 103.662384552 56766
1.271107303 103.662384552 56771
1.271107303 103.662384552 56776
1.271107303 103.662384552 56781
1.271107303 103.662384552 56786
1.271107303 103.662384552 56791
1.271107303 103.662384552 56796
1.271107303 103.662384552 56801
1.271107303 103.662384552 56806
1.271107303 103.662384552 56811
1.271107303 103.662384552 56816
1.271107303 103.662384552 56821
1.271107303 103.662384552 56826
1.271107303 103.662384552 56831
1.271107303 103.662384552 56836
1.271107303 103.662384552 56841
1.271107303 103.662384552 56846
1.271107303 103.662384552 56851
1.271107303 103.662384552 56856
1.271107303 103.662384552 56861
1.271107303 103.662384552 56866
1.271107303 103.662384552 56871
1.271107303 103.662384552 56876
1.271107303 103.662384552 56881
1.271107303 103.662384552 56886
1.271107303 103.662384552 56891
1.271107303 103.662384552 56896
1.271107303 103.662384552 56901
1.271107303 103.662384552 56906
1.271107303 103.662384552 56911
1.271107303 103.662384552 56916
1.271107303 103.662384552 56921
1.271107303 103.662384552 56926
1.271107303 103.662384552 56931
1.271107303 103.662384552 56936
1.271107303 103.662384552 56941
1.271107303 103.662384552 56946
1.271107303 103.662384552 56951
1.271107303 103.662384552 56957
1.271107303 103.662384552 56962
1.271107303 103.662384552 56967
1.271107303 103.662384552 56972
1.271107303 103.662384552 56977
1.271107303 103.662384552 56982
1.271107303 103.662384552 56987
1.271107303 103.662384552 56992
1.271107303 103.662384552 56997
1.271107303 103.662384552 57002
1.271107303 103.662384552 57007
1.271107303 103.662384552 57012
1.271107303 103.662384552 57017
1.271107303 103.662384552 57022
1.271107303 103.662384552 57027
1.271107303 103.662384552 57032
1.271107303 103.662384552 57037
1.271107303 103.662384552 57042
1.271107303 103.662384552 57047
1.271107303 103.662384552 57052
1.271107303 103.662384552 57057
1.271107303 103.662384552 57062
1.271107303 103.662384552 57067
1.271107303 103.662384552 57072
1.271107303 103.662384552 57077
1.271107303 103.662384552 57082
1.271107303 103.662384552 57087
1.271107303 103.662384552 57092
1.271107303 103.662384552 57097
1.271107303 103.662384552 57102
1.271107303 103.662384552 57107
1.271107303 103.662384552 57112
1.271107303 103.662384552 57117
1.271107303 103.662384552 57122
1.271107303 103.662384552 57127
1.271107303 103.662384552 57132
1.271107303 103.662384552 57137
1.271107303 103.662384552 57142
1.271107303 103.662384552 57147
1.271107303 103.662384552 57152
1.271107303 103.662384552 57157
1.271107303 103.662384552 57162
1.271107303 103.662384552 57167
1.271107303 103.662384552 57172
1.271107303 103.662384552 57177
1.271107303 103.662384552 57182
1.271107303 103.662384552 57187
1.271107303 103.662384552 57192
1.271107303 103.662384552 57197
