1.328645248 103.708415652 35175
1.328590902 103.708433111 35182
1.328590902 103.708433111 35187
1.328527768 103.70844397 35192
1.328455339 103.708461429 35197
1.32838291 103.708478889 35202
1.32838291 103.708478889 35207
1.328301595 103.708507207 35212
1.328220075 103.708533395 35217
1.328120727 103.708552984 35222
1.328120727 103.708552984 35227
1.328030216 103.708570443 35232
1.327921776 103.708598761 35237
1.327813337 103.708627079 35242
1.327813337 103.708627079 35247
1.327704694 103.708653267 35252
1.327587164 103.708690315 35257
1.327478725 103.708718633 35262
1.327478725 103.708718633 35267
1.327370082 103.708744821 35272
1.327261593 103.708781869 35277
1.327171235 103.708810187 35282
1.327171235 103.708810187 35287
1.327089766 103.708827646 35292
1.327017287 103.708853835 35297
1.326954103 103.708873423 35302
1.326954103 103.708873423 35307
1.326899757 103.708890882 35312
1.326845411 103.708908341 35317
1.326800309 103.70892793 35322
1.326800309 103.70892793 35327
1.326764095 103.708936659 35332
1.326736922 103.708945389 35337
1.326709749 103.708954118 35342
1.326709749 103.708954118 35347
1.326691666 103.708954118 35352
1.326673534 103.708962848 35357
1.326655452 103.708962848 35362
1.326655452 103.708962848 35367
1.326619238 103.708971577 35372
1.326583177 103.708991166 35377
1.326546963 103.708999895 35382
1.326546963 103.708999895 35387
