nan nan 47319
nan nan 47327
nan nan 47332
nan nan 47337
nan nan 47342
nan nan 47347
nan nan 47352
nan nan 47357
nan nan 47362
nan nan 47367
nan nan 47372
nan nan 47377
nan nan 47382
nan nan 47387
nan nan 47392
nan nan 47397
nan nan 47402
nan nan 47407
nan nan 47412
nan nan 47417
nan nan 47422
nan nan 47427
nan nan 47432
nan nan 47437
nan nan 47442
nan nan 47447
nan nan 47452
nan nan 47457
nan nan 47462
nan nan 47467
nan nan 47472
nan nan 47477
nan nan 47482
nan nan 47487
nan nan 47492
nan nan 47497
nan nan 47502
nan nan 47507
nan nan 47512
nan nan 47517
nan nan 47522
nan nan 47527
nan nan 47532
nan nan 47537
nan nan 47542
nan nan 47547
nan nan 47552
nan nan 47557
nan nan 47562
nan nan 47567
nan nan 47572
nan nan 47578
nan nan 47583
nan nan 47588
nan nan 47593
nan nan 47598
nan nan 47603
nan nan 47608
nan nan 47613
nan nan 47618
nan nan 47623
nan nan 47628
nan nan 47633
nan nan 47638
nan nan 47643
nan nan 47648
nan nan 47653
nan nan 47658
nan nan 47663
nan nan 47668
nan nan 47673
nan nan 47678
nan nan 47683
nan nan 47688
nan nan 47693
nan nan 47698
nan nan 47703
nan nan 47708
nan nan 47713
nan nan 47718
nan nan 47723
nan nan 47728
nan nan 47733
nan nan 47738
nan nan 47743
nan nan 47748
nan nan 47753
nan nan 47758
nan nan 47763
nan nan 47768
nan nan 47773
nan nan 47778
nan nan 47783
nan nan 47788
nan nan 47793
1.343761192 103.707511398 47798
1.343761192 103.707511398 47803
1.343878716 103.707437302 47808
1.342647907 103.709268304 47813
1.342613331 103.709219976 47818
1.342613331 103.709219976 47823
1.342613331 103.709219976 47828
1.342613331 103.709219976 47833
1.342622628 103.709213376 47838
1.342622628 103.709213376 47843
1.342622678 103.709204647 47848
1.342622984 103.709189318 47853
1.342614199 103.709182718 47858
1.342614199 103.709182718 47863
1.342614455 103.709176119 47868
1.342614506 103.709167389 47873
1.342614556 103.70915866 47878
1.342614556 103.70915866 47883
1.342614762 103.70916079 47888
1.342614812 103.70915206 47893
1.342605821 103.709143331 47898
1.342605821 103.709143331 47903
1.342605821 103.709143331 47908
1.342606077 103.709136731 47913
1.342606077 103.709136731 47918
1.342606077 103.709136731 47923
1.342597037 103.709136731 47928
1.342596881 103.709125873 47933
1.342596881 103.709125873 47938
1.342596881 103.709125873 47943
1.342596675 103.709123743 47948
1.342596675 103.709123743 47953
1.342596469 103.709121614 47958
1.342596469 103.709121614 47963
1.342596469 103.709121614 47968
1.342596264 103.709119484 47973
1.342596058 103.709117355 47978
1.342596058 103.709117355 47983
1.342595802 103.709123955 47988
1.342595596 103.709121825 47993
1.342595289 103.709137154 47998
1.342595289 103.709137154 48003
1.342595084 103.709135025 48008
1.342595033 103.709143754 48013
1.342594777 103.709150354 48018
1.342594777 103.709150354 48023
1.342594521 103.709156954 48028
1.342594265 103.709163553 48033
1.342594009 103.709170153 48038
1.342594009 103.709170153 48043
1.342593959 103.709178882 48048
1.342593703 103.709185482 48053
1.342593447 103.709192082 48058
1.342593447 103.709192082 48063
1.342593447 103.709192082 48068
1.342593191 103.709198682 48073
1.342592935 103.709205281 48078
1.342592935 103.709205281 48083
1.342601975 103.709205281 48088
1.342619851 103.709203152 48093
1.342637777 103.709192293 48098
1.342637777 103.709192293 48103
1.342664949 103.709183564 48108
1.342700956 103.709172706 48113
1.342737014 103.709153118 48118
1.342737014 103.709153118 48123
1.342782112 103.70913353 48128
1.34282721 103.709113942 48133
1.342881399 103.709085625 48138
1.342881399 103.709085625 48143
1.342926548 103.709057308 48148
1.342989778 103.709028991 48153
1.343044017 103.708991945 48158
1.343044017 103.708991945 48163
1.343107297 103.708954899 48168
1.343161536 103.708917852 48173
1.343224867 103.708872077 48178
1.343224867 103.708872077 48183
1.343288147 103.708835031 48188
1.343360518 103.708789255 48193
1.343423642 103.708741351 48198
1.343423642 103.708741351 48203
1.343486972 103.708695575 48208
1.343541212 103.708658529 48213
1.343604492 103.708621483 48218
