1.297614007 103.859208941 43962
1.297614007 103.859208941 43969
1.297586782 103.859189341 43975
1.297559806 103.85916317 43980
1.297541622 103.85914357 43985
1.297541622 103.85914357 43990
1.297514398 103.85912397 43995
1.297496413 103.859106522 44000
1.29748747 103.859089074 44005
1.29748747 103.859089074 44010
1.297478377 103.859060751 44015
1.297442209 103.859023703 44020
1.297406041 103.858986655 44025
1.297406041 103.858986655 44030
1.297351791 103.858949608 44035
1.297306582 103.85891256 44040
1.297261372 103.858875512 44045
1.297261372 103.858875512 44050
1.297216163 103.858838465 44055
1.297170954 103.858801417 44060
1.297116554 103.858753493 44065
1.297116554 103.858753493 44070
1.297062352 103.858707722 44075
1.29699911 103.85866195 44080
1.296935668 103.858614026 44085
1.296935668 103.858614026 44090
1.296872425 103.858568255 44095
1.296809182 103.858522483 44100
1.296745741 103.858474559 44105
1.296745741 103.858474559 44110
1.296682498 103.858428788 44115
1.296628098 103.858380864 44120
1.296564855 103.858335093 44125
1.296564855 103.858335093 44130
1.296510455 103.858287169 44135
1.296465295 103.858241397 44140
1.296428928 103.858202198 44145
1.296428928 103.858202198 44150
1.29639276 103.85816515 44155
1.296365585 103.858136826 44160
1.296329368 103.858108502 44165
1.296329368 103.858108502 44170
1.296302342 103.858091055 44175
1.296275166 103.858062731 44180
1.296256934 103.858051855 44185
1.296256934 103.858051855 44190
1.296238949 103.858034407 44195
1.296229808 103.858014807 44200
1.296211575 103.858003931 44205
1.296211575 103.858003931 44210
1.296211575 103.858003931 44215
1.296202384 103.857993055 44220
1.296193392 103.857984331 44225
1.296193392 103.857984331 44230
1.296184201 103.857973455 44235
1.296184002 103.857971303 44240
1.29617501 103.857962579 44245
1.29617501 103.857962579 44250
1.296174812 103.857960427 44255
1.296174861 103.857951703 44260
1.296174662 103.857949551 44265
1.296174662 103.857949551 44270
1.296174662 103.857949551 44275
1.296165471 103.857938675 44280
1.296165471 103.857938675 44285
1.296165471 103.857938675 44290
1.296165471 103.857938675 44295
1.296165272 103.857936523 44300
1.296165272 103.857936523 44305
1.296165272 103.857936523 44310
1.296165074 103.857934371 44315
1.296156032 103.857934371 44320
1.296146793 103.857932219 44325
1.296146793 103.857932219 44330
1.2961378 103.857923495 44335
1.29612856 103.857921343 44340
1.29612856 103.857921343 44345
1.29612856 103.857921343 44350
1.296119369 103.857910467 44355
1.296119369 103.857910467 44360
1.29611922 103.857899591 44365
1.29611922 103.857899591 44370
1.29611922 103.857899591 44375
1.29611907 103.857888715 44380
1.296110029 103.857888715 44385
1.296110029 103.857888715 44390
1.296110029 103.857888715 44395
1.29610983 103.857886562 44400
1.29610983 103.857886562 44405
1.29610983 103.857886562 44410
1.296100838 103.857877839 44415
1.296100838 103.857877839 44420
1.296100639 103.857875686 44425
1.296100639 103.857875686 44430
1.296100639 103.857875686 44435
1.296091598 103.857875686 44440
1.296082456 103.857856087 44445
1.296082456 103.857856087 44450
1.296064423 103.857847363 44455
1.296055232 103.857836487 44460
1.296037247 103.857819039 44465
1.296037247 103.857819039 44470
1.296019064 103.857799439 44475
1.296000881 103.857779839 44480
1.295973806 103.857771115 44485
1.295973806 103.857771115 44490
1.29593769 103.857762392 44495
1.295901375 103.857751516 44500
1.295865259 103.857742792 44505
1.295865259 103.857742792 44510
1.295829042 103.857714468 44515
1.295783634 103.857675268 44520
1.295729384 103.857638221 44525
1.295729384 103.857638221 44530
1.295666141 103.857592449 44535
1.295620782 103.857544526 44540
1.295575622 103.857498754 44545
1.295575622 103.857498754 44550
1.295521421 103.857452983 44555
1.295476261 103.857407212 44560
1.295422108 103.857352716 44565
1.295422108 103.857352716 44570
1.295367907 103.857306945 44575
1.295322795 103.85725245 44580
1.295277635 103.857206678 44585
1.295277635 103.857206678 44590
1.295223583 103.857171783 44595
1.295178423 103.857126011 44600
1.295142255 103.857088964 44605
1.295142255 103.857088964 44610
1.295088054 103.857043192 44615
1.295042796 103.857014868 44620
1.294988545 103.856977821 44625
1.294988545 103.856977821 44630
1.294925253 103.856940773 44635
1.294862011 103.856895002 44640
1.294798768 103.85684923 44645
1.294798768 103.85684923 44650
1.294735525 103.856803459 44655
1.29467248 103.856759839 44660
1.29461823 103.856722792 44665
1.29461823 103.856722792 44670
1.294554987 103.85667702 44675
1.294500834 103.856622525 44680
1.294437591 103.856576753 44685
1.294437591 103.856576753 44690
1.294374199 103.856520106 44695
1.294311054 103.856456887 44701
1.294256901 103.856402391 44706
1.294256901 103.856402391 44711
1.294193756 103.856339172 44716
1.294139652 103.856275953 44721
1.294094739 103.856223609 44726
1.294094739 103.856223609 44731
1.294040538 103.856177837 44736
1.293986336 103.856132066 44741
1.293932333 103.856088446 44746
1.293932333 103.856088446 44751
1.29387828 103.85605355 44756
1.29382403 103.856016503 44761
1.29377882 103.855979455 44766
1.29377882 103.855979455 44771
1.293742851 103.855944559 44776
1.293697641 103.855907512 44781
1.293652533 103.855890064 44786
1.293652533 103.855890064 44791
1.293616465 103.855872616 44796
1.293580349 103.855863892 44801
1.29354443 103.85585732 44806
1.29354443 103.85585732 44811
1.293526348 103.85585732 44816
1.293508265 103.85585732 44821
1.293490381 103.855859472 44826
1.293490381 103.855859472 44831
1.293481339 103.855859472 44836
1.293463406 103.855870348 44841
1.293454316 103.855879071 44846
1.293454316 103.855879071 44851
1.293445473 103.855881223 44856
1.293445424 103.855889947 44861
