0.0 0.0 55300
0.0 0.0 55306
0.0 0.0 55311
0.0 0.0 33070
nan nan 33075
nan nan 33080
nan nan 33085
nan nan 33090
nan nan 33095
nan nan 33100
nan nan 33105
nan nan 33110
nan nan 33115
nan nan 33120
nan nan 33125
nan nan 33130
nan nan 33136
nan nan 33141
nan nan 33146
nan nan 33151
nan nan 33156
nan nan 33161
nan nan 33166
nan nan 33171
nan nan 33176
nan nan 33181
nan nan 33186
nan nan 33191
nan nan 33196
nan nan 33201
nan nan 33206
nan nan 33211
nan nan 33216
nan nan 33221
nan nan 33226
nan nan 33231
nan nan 33236
nan nan 33241
nan nan 33246
nan nan 33251
nan nan 33256
nan nan 33261
nan nan 33266
nan nan 33271
nan nan 33276
nan nan 33281
nan nan 33286
nan nan 33291
nan nan 33296
nan nan 33301
nan nan 33306
nan nan 33311
nan nan 33316
nan nan 33321
nan nan 33326
nan nan 33331
nan nan 33336
nan nan 33341
nan nan 33346
nan nan 33351
nan nan 33356
nan nan 33361
nan nan 33366
nan nan 33371
nan nan 33376
nan nan 33381
nan nan 33386
nan nan 33391
nan nan 33396
nan nan 33401
nan nan 33406
nan nan 33411
nan nan 33416
nan nan 33421
nan nan 33426
nan nan 33431
nan nan 33436
nan nan 33441
nan nan 33446
nan nan 33451
nan nan 33456
nan nan 33461
nan nan 33466
nan nan 33471
nan nan 33476
nan nan 33481
nan nan 33486
nan nan 33491
nan nan 33496
nan nan 33501
nan nan 33506
nan nan 33511
nan nan 33516
nan nan 33521
nan nan 33526
nan nan 33531
nan nan 33536
nan nan 33541
nan nan 33546
nan nan 33551
nan nan 33556
nan nan 33561
nan nan 33566
nan nan 33571
nan nan 33576
nan nan 33581
nan nan 33586
nan nan 33591
nan nan 33596
nan nan 33601
nan nan 33606
nan nan 33611
nan nan 33616
nan nan 33621
nan nan 33626
nan nan 33631
nan nan 33636
nan nan 33641
nan nan 33646
nan nan 33651
nan nan 33656
nan nan 33661
nan nan 33666
nan nan 33671
nan nan 33676
nan nan 33681
nan nan 33686
nan nan 33691
nan nan 33696
nan nan 33701
nan nan 33706
nan nan 33711
nan nan 33716
1.314905078 103.744183457 33721
1.314905078 103.744183457 33726
1.309959067 103.744857318 33731
1.310004723 103.74485286 33736
1.310030199 103.744918602 33741
1.310030199 103.744918602 33746
1.310048531 103.744912009 33751
1.310074061 103.74500607 33756
1.310082258 103.745080351 33761
1.310082258 103.745080351 33766
1.310090254 103.745152498 33771
1.3100988 103.74520273 33776
1.310116185 103.745250828 33781
1.310116185 103.745250828 33786
1.310133821 103.745292332 33791
1.310142567 103.7453447 33796
1.310150961 103.745384069 33801
1.310150961 103.745384069 33806
1.310159756 103.745427709 33811
1.31016815 103.745467078 33816
1.310168051 103.745484534 33821
1.310168051 103.745484534 33826
1.310168203 103.745495397 33831
1.310177097 103.745521581 33836
1.310168207 103.745532443 33841
1.310168207 103.745532443 33846
1.310168207 103.745532443 33851
1.310177449 103.745534578 33856
1.3101779 103.745530121 33861
1.3101779 103.745530121 33866
1.310178302 103.74553439 33871
1.310187093 103.745540983 33876
1.310196085 103.745549711 33881
1.310196085 103.745549711 33886
1.310196085 103.745549711 33891
1.310196036 103.745558439 33896
1.310205077 103.745558439 33901
1.310205077 103.745558439 33906
1.310205077 103.745558439 33911
1.310201929 103.745663737 33916
1.310235147 103.74577117 33921
1.310235147 103.74577117 33926
1.310268364 103.745878602 33931
1.31030138 103.745983899 33936
1.310334396 103.746089195 33941
1.310334396 103.746089195 33947
1.310358572 103.746196626 33952
