1.299857421 103.863876838 43059
1.299857421 103.863876838 43066
1.299875405 103.863894285 43071
1.29990263 103.863913886 43076
1.299929656 103.863931333 43081
1.299929656 103.863931333 43086
1.299965922 103.863950933 43091
1.299992996 103.863959657 43096
1.300020071 103.863968381 43101
1.300020071 103.863968381 43106
1.300056436 103.863970534 43111
1.300092451 103.863959657 43116
1.300137756 103.86394221 43121
1.300137756 103.86394221 43126
1.300174019 103.863924762 43131
1.300219324 103.863907315 43136
1.30026443 103.863887715 43141
1.30026443 103.863887715 43146
1.300300742 103.863861544 43151
1.300345848 103.863841943 43156
1.300391153 103.863824496 43161
1.300391153 103.863824496 43166
1.300436258 103.863804895 43171
1.300472372 103.863776571 43176
1.300508635 103.863759124 43181
1.300508635 103.863759124 43186
1.300535708 103.8637308 43191
1.300553738 103.863702476 43196
1.300571919 103.863685029 43201
1.300571919 103.863685029 43206
1.30058995 103.863656705 43211
1.30059909 103.863639257 43216
1.30060803 103.863619657 43221
1.30060803 103.863619657 43226
1.300617219 103.863593486 43231
1.300626209 103.863565162 43236
1.300626157 103.863536838 43241
1.300626157 103.863536838 43246
1.300617064 103.863508514 43251
1.30060802 103.863471466 43256
1.300589935 103.863434418 43261
1.300589935 103.863434418 43266
1.30057185 103.863397371 43271
1.300535731 103.863351599 43276
1.300499613 103.863305828 43281
1.300499613 103.863305828 43286
1.300472336 103.863257903 43291
1.300436267 103.863203408 43296
1.300399949 103.863155484 43301
1.300399949 103.863155484 43306
1.300372872 103.863109712 43311
1.300336652 103.863044341 43316
1.300309624 103.862989846 43321
1.300309624 103.862989846 43326
1.300264412 103.86291575 43331
1.300228392 103.862852531 43336
1.300201364 103.862798036 43341
1.300201364 103.862798036 43346
1.300165144 103.862732664 43351
1.300128876 103.862676016 43356
1.300101848 103.862621521 43361
1.300101848 103.862621521 43366
1.300074819 103.862567026 43371
1.300038551 103.862510378 43376
1.300011572 103.862447159 43381
1.300011572 103.862447159 43386
1.299975303 103.862390511 43391
1.299939234 103.862336016 43396
1.299912206 103.862281521 43401
1.299912206 103.862281521 43406
1.299894019 103.862224873 43411
1.299866942 103.862179101 43416
1.299839865 103.86213333 43421
1.299839865 103.86213333 43426
1.29983087 103.862087559 43431
1.299812785 103.862050511 43436
1.299785609 103.862022187 43441
1.299785609 103.862022187 43446
1.299749441 103.861985139 43451
1.299713323 103.861939368 43456
1.299677054 103.86188272 43461
1.299677054 103.86188272 43466
1.299631793 103.861817348 43471
1.299586532 103.861751976 43476
1.299541272 103.861686605 43481
1.299541272 103.861686605 43486
1.299486969 103.861621233 43491
1.299441709 103.861555861 43496
1.299396598 103.861501366 43501
1.299396598 103.861501366 43506
1.299351288 103.861444718 43511
1.299305978 103.86138807 43516
1.299260668 103.861331422 43521
1.299260668 103.861331422 43526
1.299224549 103.861285651 43531
1.299188231 103.861237727 43536
1.299152113 103.861191955 43541
1.299152113 103.861191955 43546
1.299106754 103.861144031 43551
1.299070684 103.861089536 43556
1.299025325 103.861041612 43561
1.299025325 103.861041612 43566
1.298979966 103.860993688 43571
1.298943847 103.860947916 43576
1.298907729 103.860902145 43581
1.298907729 103.860902145 43586
1.298880602 103.860865097 43591
1.298844235 103.860825897 43596
1.298817109 103.860788849 43601
1.298817109 103.860788849 43606
1.298789982 103.860751801 43611
1.298762856 103.860714754 43616
1.298735729 103.860677706 43621
1.298735729 103.860677706 43626
1.298708554 103.860649382 43631
1.298690468 103.860612334 43636
1.298672383 103.860575287 43641
1.298672383 103.860575287 43646
1.298654298 103.860538239 43651
1.298636115 103.860518639 43657
1.29861813 103.860501191 43662
1.29861813 103.860501191 43667
1.298590955 103.860472867 43672
1.29856373 103.860453267 43677
1.298536554 103.860424943 43682
1.298536554 103.860424943 43687
1.298509379 103.860396619 43692
1.298491244 103.860368296 43697
1.298464268 103.860342124 43702
1.298464268 103.860342124 43707
1.298446084 103.860322524 43712
1.298427901 103.860302924 43717
1.298409917 103.860285476 43722
1.298409917 103.860285476 43727
1.298391733 103.860265876 43732
1.298364558 103.860237552 43737
1.298337431 103.860200505 43742
1.298337431 103.860200505 43747
1.298310255 103.860172181 43752
1.298283178 103.860126409 43757
1.29824701 103.860089362 43762
1.29824701 103.860089362 43767
1.298210643 103.860050162 43772
1.298174525 103.86000439 43777
1.298138406 103.859958619 43782
1.298138406 103.859958619 43787
1.298120122 103.859919418 43792
1.298102037 103.859882371 43797
1.298092993 103.859845323 43802
1.298092993 103.859845323 43807
1.2980839 103.859816999 43812
1.298065765 103.859788675 43817
1.298047631 103.859760352 43822
1.298047631 103.859760352 43827
1.298038538 103.859732028 43832
1.298020505 103.859723304 43837
1.298011363 103.859703704 43842
1.298011363 103.859703704 43847
1.297993378 103.859686256 43852
1.297966153 103.859666656 43857
1.297948019 103.859638332 43862
1.297948019 103.859638332 43867
1.297921042 103.859612161 43872
1.297893867 103.859583837 43877
1.297866691 103.859555513 43882
1.297866691 103.859555513 43887
1.297839715 103.859529342 43892
1.29781249 103.859509742 43897
1.297794554 103.85948357 43902
1.297794554 103.85948357 43907
1.29777642 103.859455246 43912
1.297749443 103.859429075 43917
1.297731309 103.859400751 43922
1.297731309 103.859400751 43927
1.297713423 103.859365856 43932
1.29770433 103.859337532 43937
1.297677203 103.859300484 43942
1.297677203 103.859300484 43947
1.297659118 103.859263437 43952
1.297631992 103.859226389 43957
