1.350488062 103.712266573 50030
1.350497411 103.712251244 50038
1.350497926 103.712238046 50043
1.350516266 103.712231446 50048
1.350516266 103.712231446 50053
1.350516781 103.712218248 50058
1.350526079 103.712211649 50063
1.350526387 103.71219632 50068
1.350526387 103.71219632 50073
1.350535893 103.712191851 50078
1.35053615 103.712185251 50083
1.350545449 103.712178652 50088
1.350545449 103.712178652 50093
1.350545757 103.712163323 50098
1.350546222 103.712158854 50103
1.350555571 103.712143525 50108
1.350555571 103.712143525 50113
1.350564869 103.712136926 50118
1.350574425 103.712123727 50123
1.350574733 103.712108399 50128
1.350574733 103.712108399 50133
1.350584289 103.7120952 50138
1.350593588 103.712088601 50143
1.350602937 103.712073272 50148
1.350602937 103.712073272 50153
1.350612442 103.712068803 50158
1.3506127 103.712062203 50163
1.350622049 103.712046875 50168
1.350622049 103.712046875 50173
1.350631554 103.712042405 50178
1.350631969 103.712046665 50183
1.350632226 103.712040066 50188
1.350632226 103.712040066 50193
1.350641681 103.712044326 50198
1.350641888 103.712046456 50203
1.350651394 103.712041986 50208
1.350651394 103.712041986 50213
1.350651601 103.712044116 50218
1.350661056 103.712048376 50223
1.350679345 103.712050506 50228
1.350679345 103.712050506 50233
1.350706781 103.712072224 50238
1.350734423 103.712096073 50243
1.350761859 103.712117791 50248
1.350761859 103.712117791 50253
1.350780411 103.712150369 50258
1.350807847 103.712172087 50263
1.350835439 103.712204665 50268
1.350835439 103.712204665 50273
1.350853834 103.712226383 50278
1.350872229 103.712248102 50283
1.350890518 103.712250232 50288
1.350890518 103.712250232 50293
1.350890932 103.712254492 50298
1.35090018 103.712256622 50303
1.350900438 103.712250022 50308
1.350900438 103.712250022 50313
1.350909686 103.712252152 50318
1.350909893 103.712254282 50323
1.350919141 103.712256412 50328
1.350919141 103.712256412 50333
1.350919399 103.712249813 50338
1.35092849 103.712241084 50343
1.350928748 103.712234484 50348
1.350928748 103.712234484 50353
1.350928748 103.712234484 50358
1.350938046 103.712227885 50363
1.350938046 103.712227885 50368
1.350938046 103.712227885 50373
1.350947138 103.712219155 50378
1.350956386 103.712221285 50383
1.350956436 103.712212556 50388
1.350956436 103.712212556 50393
1.350965528 103.712203827 50398
1.350974518 103.712212556 50403
1.350983716 103.712223415 50408
1.350983716 103.712223415 50413
1.351001954 103.712234275 50418
1.351029132 103.712262593 50423
1.351047527 103.712284311 50428
1.351047527 103.712284311 50433
1.351083696 103.712321358 50438
1.351111082 103.712351806 50443
1.351129376 103.712390984 50448
1.351129376 103.712390984 50453
1.351129588 103.712430161 50458
1.351129749 103.712478068 50463
1.351102839 103.712517245 50468
1.351102839 103.712517245 50473
1.351076135 103.712558552 50478
1.351031143 103.712597729 50483
1.35098615 103.712636907 50488
1.35098615 103.712636907 50493
1.350941157 103.712676084 50498
1.3509051 103.712695673 50503
1.350860158 103.712726121 50508
1.350860158 103.712726121 50513
1.350815266 103.71274784 50518
1.350779572 103.712780418 50523
1.350743721 103.712802136 50528
1.350743721 103.712802136 50533
1.35069883 103.712823855 50538
1.350644847 103.712854303 50543
1.350599905 103.712884751 50548
1.350599905 103.712884751 50553
1.350555119 103.712926059 50558
1.350492095 103.712956507 50563
1.350438162 103.712978226 50568
1.350438162 103.712978226 50573
1.350384335 103.713019534 50578
1.350321468 103.713060841 50583
1.350267641 103.713102149 50588
1.350267641 103.713102149 50593
1.350213607 103.713141326 50598
1.350150689 103.713191363 50603
1.350088078 103.713226072 50608
1.350088078 103.713226072 50613
1.35002521 103.71326738 50618
1.349962292 103.713317417 50623
1.349899373 103.713367454 50628
1.349899373 103.713367454 50633
1.349845652 103.713428351 50638
1.349782683 103.713487117 50643
1.349728962 103.713548014 50648
1.349728962 103.713548014 50653
1.349665993 103.71360678 50658
1.34960318 103.713676407 50663
1.349540367 103.713746033 50669
1.349540367 103.713746033 50674
1.349477761 103.713817789 50679
1.34942404 103.713878686 50684
1.349370318 103.713939583 50689
1.349370318 103.713939583 50694
1.349325638 103.714000481 50699
1.349271709 103.714059247 50704
1.349227029 103.714120145 50709
1.349227029 103.714120145 50714
1.3491731 103.714178911 50719
1.34912847 103.714231079 50724
1.349092674 103.714281117 50729
1.349092674 103.714281117 50734
1.34906597 103.714322425 50739
1.349039265 103.714363734 50744
1.349030643 103.714405042 50749
1.349030643 103.714405042 50754
1.349030905 103.714435491 50759
1.349022126 103.714465939 50764
1.349022388 103.714496388 50769
1.349022388 103.714496388 50774
1.349022651 103.714526837 50779
1.349040944 103.714566015 50784
1.349059289 103.714596464 50789
1.349059289 103.714596464 50794
1.349086624 103.714635642 50799
1.349122949 103.71468355 50804
1.349168316 103.714731457 50809
1.349168316 103.714731457 50814
1.349213889 103.714781495 50819
1.349259206 103.714838132 50824
1.349304522 103.714894769 50829
1.349304522 103.714894769 50834
1.349359035 103.714962266 50839
1.349404558 103.715021033 50844
1.349440834 103.71507767 50849
1.349440834 103.71507767 50854
1.34948615 103.715134307 50859
1.349522425 103.715190944 50864
1.349558801 103.715230122 50869
1.349558801 103.715230122 50874
1.349585929 103.71526717 50879
1.349604067 103.715295489 50884
1.349604122 103.715323807 50889
1.349604122 103.715323807 50894
1.34961332 103.715334667 50899
1.349613426 103.715354256 50904
1.349613375 103.715362985 50909
1.349613375 103.715362985 50914
1.349622573 103.715373845 50919
1.349622729 103.715384705 50924
1.349613688 103.715384705 50929
