1.27105249 103.662184221 55694
1.27105249 103.662184221 55702
1.27105249 103.662184221 55707
1.27105249 103.662184221 55712
1.27105249 103.662184221 55717
1.27105249 103.662184221 55722
1.27105249 103.662184221 55727
1.27105249 103.662184221 55732
1.27105249 103.662184221 55737
1.27105249 103.662184221 55742
1.27105249 103.662184221 55747
1.27105249 103.662184221 55752
1.271043254 103.662182098 55757
1.271043254 103.662182098 55762
1.271043254 103.662182098 55767
1.271043254 103.662182098 55772
1.271043254 103.662182098 55777
1.271043254 103.662182098 55782
1.271043254 103.662182098 55787
1.271043254 103.662182098 55792
1.271043059 103.662179976 55797
1.271034018 103.662179976 55802
1.271034018 103.662179976 55807
1.271034018 103.662179976 55812
1.271033823 103.662177854 55817
1.271033823 103.662177854 55822
1.271033823 103.662177854 55827
1.271033823 103.662177854 55832
1.271033823 103.662177854 55837
1.271033628 103.662175731 55842
1.271033628 103.662175731 55847
1.271033628 103.662175731 55852
1.271033628 103.662175731 55857
1.271024587 103.662175731 55862
1.271024587 103.662175731 55867
1.271024587 103.662175731 55872
1.271024587 103.662175731 55877
1.271024587 103.662175731 55882
1.271024587 103.662175731 55887
1.271024587 103.662175731 55892
1.271024587 103.662175731 55897
1.271024587 103.662175731 55902
1.271024587 103.662175731 55907
1.271024587 103.662175731 55912
1.271024587 103.662175731 55917
1.271024392 103.662173609 55922
1.271024392 103.662173609 55927
1.271024392 103.662173609 55932
1.271024392 103.662173609 55937
1.271024392 103.662173609 55942
1.271024392 103.662173609 55947
1.271024392 103.662173609 55952
1.271024392 103.662173609 55957
1.271024392 103.662173609 55962
1.271024392 103.662173609 55967
1.271024392 103.662173609 55972
1.271024392 103.662173609 55977
1.271024392 103.662173609 55982
1.271024392 103.662173609 55987
1.271024392 103.662173609 55992
1.271024392 103.662173609 55997
1.271024392 103.662173609 56002
1.271024392 103.662173609 56007
1.271024392 103.662173609 56012
1.271024392 103.662173609 56017
1.271024392 103.662173609 56022
1.271024392 103.662173609 56027
1.271024587 103.662175731 56032
1.271024587 103.662175731 56037
1.271024587 103.662175731 56042
1.271024587 103.662175731 56047
1.271024587 103.662175731 56052
1.271024392 103.662173609 56057
1.271015398 103.662164878 56062
1.271015398 103.662164878 56067
1.271015445 103.662156147 56072
1.271006451 103.662147416 56077
1.270997457 103.662138685 56082
1.270997457 103.662138685 56087
1.270988416 103.662138685 56092
1.270988611 103.662140807 56097
1.270988611 103.662140807 56102
1.270988611 103.662140807 56107
1.270997605 103.662149538 56112
1.270997752 103.662160392 56117
1.270997705 103.662169123 56122
1.270997705 103.662169123 56127
1.270997805 103.662188707 56132
1.270988864 103.662208292 56137
1.270998005 103.662227876 56142
1.270998005 103.662227876 56147
1.270998105 103.662247461 56152
1.271016046 103.662273654 56157
1.271034229 103.662293238 56162
1.271034229 103.662293238 56167
1.271052364 103.662321554 56172
1.271070547 103.662341138 56177
1.271079689 103.662360723 56183
1.271079689 103.662360723 56188
1.271088636 103.662378185 56193
1.271097825 103.662389038 56198
1.271107013 103.662399892 56203
1.271107013 103.662399892 56208
1.271116007 103.662408623 56213
1.271116007 103.662408623 56218
1.271116007 103.662408623 56223
1.271116007 103.662408623 56228
1.271116007 103.662408623 56233
1.271116007 103.662408623 56238
1.271116202 103.662410745 56243
1.271116202 103.662410745 56248
1.27111625 103.662402014 56253
1.27111625 103.662402014 56258
1.27111625 103.662402014 56263
1.27111625 103.662402014 56268
1.27111625 103.662402014 56273
1.27111625 103.662402014 56278
1.27111625 103.662402014 56283
1.27111625 103.662402014 56288
1.27111625 103.662402014 56293
1.27111625 103.662402014 56298
1.271116297 103.662393283 56303
1.271116297 103.662393283 56308
1.271116297 103.662393283 56313
1.271116297 103.662393283 56318
1.271107256 103.662393283 56323
1.271107256 103.662393283 56328
1.271107256 103.662393283 56333
1.271107256 103.662393283 56338
1.271107256 103.662393283 56343
1.271107256 103.662393283 56348
1.271107256 103.662393283 56353
1.271107256 103.662393283 56358
1.271107256 103.662393283 56363
1.271107256 103.662393283 56368
1.271107256 103.662393283 56373
1.271107256 103.662393283 56378
1.271107256 103.662393283 56383
1.271107256 103.662393283 56388
1.271107256 103.662393283 56393
1.271107256 103.662393283 56398
1.271107256 103.662393283 56403
1.271107256 103.662393283 56408
1.271107256 103.662393283 56413
1.271107256 103.662393283 56418
1.271107256 103.662393283 56423
1.271107256 103.662393283 56428
1.271107256 103.662393283 56433
1.271107303 103.662384552 56438
1.271107303 103.662384552 56443
1.271107303 103.662384552 56448
1.271107303 103.662384552 56453
1.271107303 103.662384552 56458
1.271107303 103.662384552 56463
1.271107303 103.662384552 56468
1.271107303 103.662384552 56473
1.271107303 103.662384552 56478
1.271107303 103.662384552 56483
1.271107303 103.662384552 56488
1.271107303 103.662384552 56493
1.271107303 103.662384552 56498
1.271107303 103.662384552 56503
1.271107303 103.662384552 56508
1.271107303 103.662384552 56513
1.271107303 103.662384552 56518
1.271107303 103.662384552 56523
1.271107303 103.662384552 56528
1.271107303 103.662384552 56533
1.271107303 103.662384552 56538
1.271107303 103.662384552 56543
1.271107303 103.662384552 56548
1.271107303 103.662384552 56553
1.271107303 103.662384552 56558
1.271107303 103.662384552 56563
1.271107303 103.662384552 56568
1.271107303 103.662384552 56573
1.271107303 103.662384552 56578
1.271107303 103.662384552 56583
1.271107303 103.662384552 56588
1.271107303 103.662384552 56593
