1.339509348 103.719720657 81358
1.339509348 103.719720657 81366
1.339509348 103.719720657 81371
1.339509348 103.719720657 81376
1.339509348 103.719720657 81381
1.339509348 103.719720657 81386
1.339509348 103.719720657 81391
1.339509398 103.719711928 81396
1.339509398 103.719711928 81401
1.339509398 103.719711928 81406
1.339509398 103.719711928 81411
1.339509398 103.719711928 81416
1.339509398 103.719711928 81421
1.339509398 103.719711928 81426
1.339509603 103.719714059 81431
1.339509603 103.719714059 81436
1.339509603 103.719714059 81441
1.339509603 103.719714059 81446
1.339509603 103.719714059 81451
1.339509603 103.719714059 81456
1.339509603 103.719714059 81461
1.339509603 103.719714059 81466
1.339509603 103.719714059 81471
1.339509603 103.719714059 81476
1.339509603 103.719714059 81481
1.339509603 103.719714059 81486
1.339509603 103.719714059 81491
1.339509603 103.719714059 81496
1.339509603 103.719714059 81501
1.339509603 103.719714059 81506
1.339509603 103.719714059 81511
1.339509603 103.719714059 81516
1.339509603 103.719714059 81521
1.339509603 103.719714059 81526
1.339509603 103.719714059 81531
1.339509603 103.719714059 81536
1.339509603 103.719714059 81541
1.339509603 103.719714059 81546
1.339509398 103.719711928 81551
1.339509398 103.719711928 81556
1.339509398 103.719711928 81561
1.339509398 103.719711928 81566
1.339509398 103.719711928 81571
1.339509398 103.719711928 81576
1.339509192 103.719709797 81581
1.339509192 103.719709797 81586
1.339509192 103.719709797 81591
1.339509192 103.719709797 81596
1.339509192 103.719709797 81601
1.339509192 103.719709797 81606
1.339509192 103.719709797 81611
1.339509192 103.719709797 81616
1.339509192 103.719709797 81621
1.339509192 103.719709797 81626
1.339509192 103.719709797 81631
1.339509192 103.719709797 81636
1.339508937 103.719716395 81641
1.339508937 103.719716395 81646
1.339509142 103.719718526 81651
1.339509142 103.719718526 81656
1.339509142 103.719718526 81661
1.339509142 103.719718526 81666
1.339518183 103.719718526 81671
1.339518233 103.719709797 81676
1.339518233 103.719709797 81681
1.339518233 103.719709797 81686
1.339518233 103.719709797 81691
1.339518233 103.719709797 81696
1.339518233 103.719709797 81701
1.339518233 103.719709797 81706
1.339518233 103.719709797 81711
1.339518233 103.719709797 81716
1.339518439 103.719711928 81721
1.339518439 103.719711928 81726
1.33952748 103.719711928 81731
1.33952748 103.719711928 81736
1.33952748 103.719711928 81741
1.33952748 103.719711928 81746
1.33952748 103.719711928 81751
1.33952748 103.719711928 81756
1.339536726 103.719714059 81761
1.339536726 103.719714059 81766
1.339536726 103.719714059 81771
1.339536726 103.719714059 81776
1.339536726 103.719714059 81781
1.339536726 103.719714059 81786
1.33952784 103.719724919 81791
1.33952784 103.719724919 81796
1.33952784 103.719724919 81801
1.33952784 103.719724919 81806
1.339527891 103.71971619 81811
1.339536932 103.71971619 81816
1.339536932 103.71971619 81821
1.339536932 103.71971619 81826
1.339536932 103.71971619 81831
1.339536932 103.71971619 81836
1.339537137 103.719718321 81841
1.339537137 103.719718321 81846
1.339537137 103.719718321 81851
1.339537137 103.719718321 81856
1.339537137 103.719718321 81861
1.339537137 103.719718321 81866
1.339537137 103.719718321 81871
1.339537137 103.719718321 81876
1.339537137 103.719718321 81881
1.339537137 103.719718321 81886
1.339537137 103.719718321 81891
1.339537137 103.719718321 81896
1.339537137 103.719718321 81901
1.339537137 103.719718321 81906
1.339537137 103.719718321 81911
1.339537137 103.719718321 81916
1.339537137 103.719718321 81921
1.339537137 103.719718321 81926
1.339537137 103.719718321 81931
1.339537137 103.719718321 81936
1.339537137 103.719718321 81941
1.339537137 103.719718321 81946
1.339537137 103.719718321 81951
1.339537137 103.719718321 81956
1.339537137 103.719718321 81961
1.339537137 103.719718321 81966
1.339537137 103.719718321 81971
1.339537342 103.719720452 81976
1.339537342 103.719720452 81981
1.339537342 103.719720452 81986
1.339537342 103.719720452 81991
1.339537342 103.719720452 81996
1.339537342 103.719720452 82001
1.339537342 103.719720452 82006
1.339537342 103.719720452 82011
1.339537342 103.719720452 82016
1.339537342 103.719720452 82021
1.339537342 103.719720452 82026
1.339537342 103.719720452 82031
1.339537342 103.719720452 82036
1.339537342 103.719720452 82041
1.339537342 103.719720452 82046
1.339537342 103.719720452 82051
1.339537342 103.719720452 82056
1.339537342 103.719720452 82062
1.339537342 103.719720452 82067
1.339537342 103.719720452 82072
1.339537342 103.719720452 82077
1.339537342 103.719720452 82082
1.339537342 103.719720452 82087
1.339537342 103.719720452 82092
1.339537342 103.719720452 82097
1.339537342 103.719720452 82102
1.339537342 103.719720452 82107
1.339537342 103.719720452 82112
1.339537342 103.719720452 82117
1.339537342 103.719720452 82122
1.339537342 103.719720452 82127
1.339537342 103.719720452 82132
1.339537342 103.719720452 82137
1.339537342 103.719720452 82142
1.339537342 103.719720452 82147
1.339537342 103.719720452 82152
1.339537342 103.719720452 82157
1.339537342 103.719720452 82162
1.339537342 103.719720452 82167
1.339528301 103.719720452 82172
1.339528301 103.719720452 82177
1.339528301 103.719720452 82182
1.339528301 103.719720452 82187
1.339537342 103.719720452 82192
1.339537548 103.719722583 82197
1.339528457 103.719731312 82202
1.339528457 103.719731312 82207
1.339528457 103.719731312 82212
1.339537498 103.719731312 82217
1.339537498 103.719731312 82222
1.339537498 103.719731312 82227
1.339537703 103.719733443 82232
1.339528662 103.719733443 82237
1.339528612 103.719742173 82242
1.339528612 103.719742173 82247
1.339528612 103.719742173 82252
1.339528612 103.719742173 82257
