1.310392088 103.746288736 33957
1.310416514 103.746389573 33964
1.310416514 103.746389573 33969
1.31044094 103.74649041 33974
1.310474406 103.746591246 33979
1.31049838 103.74669654 33984
1.31049838 103.74669654 33989
1.310522355 103.746801833 33994
1.310546128 103.74690499 33999
1.310570053 103.74701901 34004
1.310570053 103.74701901 34009
1.310594228 103.747126436 34014
1.310618202 103.747231727 34019
1.310642175 103.747337017 34024
1.310642175 103.747337017 34029
1.31066635 103.747444442 34034
1.310690323 103.747549732 34039
1.310714498 103.747657156 34044
1.310714498 103.747657156 34049
1.310738721 103.747755852 34054
1.310762743 103.747852413 34059
1.310777877 103.747959835 34064
1.310777877 103.747959835 34069
1.310801948 103.748047668 34074
1.310817831 103.748135313 34079
1.310833563 103.748212096 34084
1.310833563 103.748212096 34089
1.310840955 103.74827783 34094
1.310857187 103.748341428 34099
1.31086483 103.74840057 34104
1.31086483 103.74840057 34109
1.310872271 103.748457576 34114
1.310908937 103.748481436 34119
1.310936161 103.748501026 34124
1.310936161 103.748501026 34130
1.310953894 103.748525073 34135
1.310971577 103.748557846 34140
1.310980019 103.748588484 34145
1.310980019 103.748588484 34150
1.310997251 103.748625715 34155
1.311014733 103.748656353 34160
1.311032264 103.748678264 34165
1.311032264 103.748678264 34170
1.311049796 103.748700175 34175
1.311067077 103.748728677 34180
1.311075568 103.748750588 34185
1.311075568 103.748750588 34190
1.311092849 103.748779091 34195
1.31111892 103.748814186 34200
1.311135951 103.74884928 34205
1.311135951 103.74884928 34210
1.311153233 103.748877783 34215
1.311170514 103.748906285 34220
1.311179255 103.748921604 34225
1.311179255 103.748921604 34230
1.311170469 103.748952056 34235
1.311179612 103.748971646 34240
1.311179513 103.7489891 34245
1.311179513 103.7489891 34250
1.311188205 103.749013146 34255
1.311205535 103.749032922 34260
1.311214227 103.749056968 34265
1.311214227 103.749056968 34270
1.311231508 103.74908547 34275
1.311249294 103.749137833 34280
1.311258289 103.749183604 34285
1.311258289 103.749183604 34290
1.311284561 103.749220833 34295
1.311302244 103.749253606 34300
1.311320584 103.749321102 34305
1.311320584 103.749321102 34310
1.311347812 103.749377736 34315
1.311374839 103.749432234 34320
1.311383785 103.749486732 34325
1.311383785 103.749486732 34330
1.31140132 103.749545686 34335
1.311401128 103.749617638 34340
1.31138381 103.749708995 34345
1.31138381 103.749708995 34350
1.311383113 103.749757087 34355
1.311373626 103.749798587 34360
1.311364139 103.749840086 34365
1.311364139 103.749840086 34370
1.311327883 103.749894584 34375
1.311282887 103.749933764 34380
1.3112286 103.749979535 34385
1.3112286 103.749979535 34390
1.311174563 103.750018714 34395
1.311120428 103.750075347 34400
1.311048011 103.750129845 34405
1.311048011 103.750129845 34410
1.310984787 103.750195206 34415
1.310921611 103.750251839 34420
1.310840056 103.750323791 34425
1.310840056 103.750323791 34430
1.31074946 103.750395743 34435
1.310667806 103.750485149 34440
1.310585952 103.75057242 34445
1.310585952 103.75057242 34450
1.310513339 103.750661826 34455
1.310440774 103.750742505 34460
1.31035892 103.750829775 34465
1.31035892 103.750829775 34470
1.310268275 103.750910454 34475
1.310169242 103.750988813 34480
1.310060918 103.751073763 34485
1.310060918 103.751073763 34490
1.309961282 103.751145715 34495
1.309871039 103.751230665 34500
1.309780644 103.751304753 34505
1.309780644 103.751304753 34510
1.3096907 103.751374385 34515
1.309591867 103.751454879 34520
1.309492882 103.751524511 34525
1.309492882 103.751524511 34530
1.309402238 103.75160519 34535
1.309311441 103.751675006 34540
1.309211654 103.751736095 34545
1.309211654 103.751736095 34550
1.309111367 103.751810367 34555
1.30902037 103.751878047 34560
1.308929373 103.751945727 34565
1.308929373 103.751945727 34570
1.308838376 103.752013407 34575
1.308738139 103.752078951 34580
1.308647142 103.752146631 34585
1.308647142 103.752146631 34590
1.308555945 103.752212175 34595
1.308474341 103.752292853 34600
1.308392635 103.752353942 34605
1.308392635 103.752353942 34610
1.308310528 103.752410759 34615
1.30821963 103.752460985 34620
1.308119642 103.752519937 34625
1.308119642 103.752519937 34630
1.308047427 103.75257657 34635
1.307965872 103.752648522 34640
1.307875174 103.752700883 34645
1.307875174 103.752700883 34650
1.307775388 103.752761972 34655
1.307684142 103.752836242 34660
1.307584106 103.752903921 34665
1.307584106 103.752903921 34670
1.30749316 103.752962874 34675
1.307402463 103.753015235 34680
1.307311917 103.753078459 34685
1.307311917 103.753078459 34690
1.307221122 103.753148274 34695
1.307130376 103.753209362 34700
1.307030589 103.75327045 34705
1.307030589 103.75327045 34710
1.306939843 103.753331538 34715
1.306831925 103.753457804 34720
1.306732694 103.75357107 34725
1.306732694 103.75357107 34730
1.306615735 103.753697335 34735
1.306507616 103.753821465 34740
1.306399497 103.753945594 34745
1.306399497 103.753945594 34750
1.306300667 103.754063133 34755
1.306201485 103.754167673 34760
1.306093615 103.754285212 34765
1.306093615 103.754285212 34770
1.305994033 103.75438548 34775
1.3058947 103.754479157 34780
1.305795216 103.754561971 34785
1.305795216 103.754561971 34790
1.305686492 103.754642648 34795
1.305577518 103.754729917 34800
1.305468594 103.754808458 34805
1.305468594 103.754808458 34810
1.30536866 103.754895726 34815
1.305268776 103.754974268 34820
1.305168892 103.755052809 34825
1.305168892 103.755052809 34830
1.305078049 103.75513135 34835
1.304979067 103.755238026 34840
1.304880183 103.755327249 34845
1.304880183 103.755327249 34850
1.304798678 103.755390473 34855
