0.0 0.0 54091
0.0 0.0 54097
0.0 0.0 54102
0.0 0.0 65181
0.0 0.0 65186
nan nan 65191
nan nan 65196
nan nan 65201
nan nan 65206
nan nan 65211
nan nan 65216
nan nan 65221
nan nan 65226
nan nan 65231
nan nan 65236
1.259338499 103.6553014 65241
1.259338499 103.6553014 65246
1.271057427 103.661830506 65251
1.27106492 103.661887623 65256
1.27107411 103.661898477 65261
1.27107411 103.661898477 65266
1.271064778 103.661913817 65271
1.271064441 103.661937888 65276
1.270900812 103.661909814 65281
1.270900812 103.661909814 65286
1.270764551 103.661875131 65291
1.270655899 103.66182723 65296
1.270573709 103.661901567 65301
1.270573709 103.661901567 65306
1.270518691 103.661967173 65311
1.270490602 103.662030656 65316
1.270471993 103.662089652 65321
1.270471993 103.662089652 65326
1.270489744 103.662150771 65331
1.270525869 103.662196549 65336
1.270562141 103.662253182 65341
1.270562141 103.662253182 65346
1.270607407 103.662318545 65351
1.270570524 103.662412466 65356
1.270551578 103.662495534 65361
1.270551578 103.662495534 65366
1.270550715 103.662578601 65371
1.27055923 103.662637597 65376
1.270595112 103.662689984 65381
1.270595112 103.662689984 65386
1.270640277 103.662735763 65391
1.270703768 103.662774933 65396
1.270776449 103.662824956 65401
1.270776449 103.662824956 65406
1.270766986 103.662940584 65411
1.270785375 103.663036386 65416
1.270813 103.66313431 65421
1.270813 103.66313431 65426
1.270821768 103.663260792 65431
1.27086636 103.663374297 65436
1.270929277 103.663481194 65441
1.270929277 103.663481194 65447
1.271010567 103.663572751 65452
1.27111033 103.663668552 65457
1.271219034 103.663744769 65462
1.271219034 103.663744769 65467
1.271328034 103.663842694 65472
1.271364753 103.663968935 65477
1.271410467 103.664103907 65482
1.271410467 103.664103907 65487
1.271465075 103.664228025 65492
1.2714824 103.664367724 65497
1.271536133 103.664500814 65502
1.271536133 103.664500814 65507
1.271607849 103.664614318 65512
1.271698086 103.664723337 65517
1.271806648 103.664825748 65522
1.271806648 103.664825748 65527
1.271924494 103.66492155 65532
1.272051381 103.665017352 65537
1.272178269 103.665113155 65542
1.272178269 103.665113155 65547
1.272359896 103.665232788 65552
1.272523441 103.665352421 65557
1.272686985 103.665472054 65562
1.272686985 103.665472054 65567
1.272841293 103.665589565 65572
1.272865759 103.66573635 65577
1.272926244 103.665872281 65582
1.272926244 103.665872281 65587
1.273005053 103.666001603 65592
1.273084058 103.666133047 65597
1.273181388 103.666257883 65602
1.273181388 103.666257883 65607
1.273278912 103.666384841 65612
1.273376632 103.666513922 65617
1.27347479 103.666638518 65622
1.27347479 103.666638518 65627
1.27359103 103.666763113 65632
1.273698424 103.666889831 65637
1.273814907 103.667007818 65642
1.273814907 103.667007818 65647
1.273931537 103.667136659 65652
1.274048362 103.667267623 65657
1.274165235 103.667389856 65662
1.274165235 103.667389856 65667
1.274282256 103.667522942 65672
1.274399276 103.667656028 65677
1.274525385 103.667780384 65682
1.274525385 103.667780384 65687
1.274642796 103.667917716 65692
1.274769101 103.668044195 65697
1.274886512 103.668181527 65702
1.274886512 103.668181527 65707
1.275003971 103.668310129 65712
1.275121429 103.668438731 65717
1.275239131 103.668560725 65722
1.275239131 103.668560725 65727
1.27535659 103.668689326 65732
1.275465202 103.668820051 65737
1.275573619 103.668948653 65742
1.275573619 103.668948653 65747
1.275691321 103.669070647 65752
1.275799934 103.669201372 65757
1.275908594 103.669323366 65762
1.275908594 103.669323366 65767
1.276017207 103.669454091 65772
1.276116826 103.669576085 65777
1.276216397 103.66970681 65782
1.276216397 103.66970681 65787
1.276324862 103.669826681 65792
1.276424481 103.669948675 65797
1.2765241 103.67007067 65802
1.2765241 103.67007067 65807
1.276623523 103.67019054 65812
1.276723142 103.670312535 65817
1.276822565 103.670432406 65822
1.276822565 103.670432406 65827
1.276913143 103.6705544 65832
1.277012566 103.670674271 65837
1.277103144 103.670796265 65842
1.277103144 103.670796265 65847
1.277202615 103.670907405 65852
1.277293193 103.6710294 65857
1.277392663 103.67114054 65862
1.277392663 103.67114054 65867
1.277474052 103.67125168 65872
1.277573671 103.671373675 65877
1.2776641 103.671484815 65882
1.2776641 103.671484815 65887
1.277754678 103.671606809 65892
1.277836066 103.67171795 65897
1.277926448 103.67183782 65902
1.277926448 103.67183782 65907
1.278017073 103.671951084 65912
1.278098413 103.672070955 65917
1.278189039 103.672184219 65922
1.278189039 103.672184219 65927
1.278279421 103.67230409 65932
1.278361005 103.672417354 65937
1.278451386 103.672537225 65942
1.278451386 103.672537225 65947
1.278542012 103.672650489 65952
1.278623352 103.67277036 65957
1.27870474 103.6728815 65962
1.27870474 103.6728815 65967
1.278786176 103.67298391 65972
1.278867612 103.673086319 65977
1.278940006 103.673188729 65982
1.278940006 103.673188729 65987
1.279003258 103.673271553 65992
1.279066511 103.673354377 65997
1.279129763 103.673437201 66002
1.279129763 103.673437201 66007
1.279184218 103.673513419 66012
1.279238524 103.673578782 66017
1.279283789 103.673644145 66022
1.279283789 103.673644145 66027
1.279338048 103.673718238 66032
1.279383313 103.673783601 66037
1.27942853 103.673857694 66042
1.27942853 103.673857694 66047
1.279455665 103.673931788 66052
1.2794828 103.674005881 66057
1.279491851 103.674079975 66062
